30/04/2021
12.00 15
12.45 16
13.00 18
13.22 16
13.45 15

03/05/2021
11.00 14.4
11.18 15.7
11.35 16.0
11.45 16.3
12.00 16.4

05/05/2021
10.20 10.4
10.30 10.9
10.40 11.2
10.52 10.9
11.00 10.8
11.08 11.6
11.17 11.5
11.25 11.9
11.37 11.9

07/05/2021
10.34 13.4
10.43 14.3
10.53 15.0
11.03 15.1
11.13 15.2
11.24 15.9
11.33 15.4
11.43 14.0

12.28 18.8
12.40 16.1
12.48 19.4
12.55 17.0
13.01 21.1
13.08 20.3
13.15 22.5
13.20 22.9
13.30 21.9

10/05/2021
9.58 16.8
10.05 18.3
10.14 19.5
10.22 19.3
10.29 19.2
10.34 19.8
10.43 19.3
10.48 19.1
10.55 18.2
10.59 18.5

13.56 24.7
14.06 26.3
14.11 25.2
14.16 25.9
14.22 24.9
14.32 24.4
14.38 24.9
14.43 26.5
14.50 26.0
14.56 27.5
15.02 26.8
15.09 26.8
15.14 26.3
15.21 25.3
15.28 25.7
15.34 25.5
15.41 25.7
15.48 25.5
15.54 24.8
16.01 24.8
16.09 25.5
16.17 23.4

11/05/2021
9.15 15.3
9.33 14.8
9.40 15.0
9.59 16.5
10.10 16.9
10.22 17.1
10.27 17.1
10.31 16.9
10.37 16.6
10.43 17.5
10.48 18.8