0.000620 
0.001270 
0.002390 
0.004230 
0.006840 
0.010020 
0.013040 
0.014660 
0.013680 
0.010260 
0.006490 
0.005210 
0.007780 
0.012860 
0.017060 
0.016940 
0.011220 
0.001940 
-0.006640 
-0.010650 
-0.008850 
-0.002780 
0.004460 
0.009650 
0.010460 
0.006210 
-0.001410 
-0.008550 
-0.011110 
-0.007340 
0.000680 
0.008360 
0.011540 
0.009110 
0.003280 
-0.002280 
-0.004590 
-0.002640 
0.002470 
0.007890 
0.010210 
0.007350 
0.000200 
-0.007610 
-0.011970 
-0.010910 
-0.005640 
0.000500 
0.004180 
0.003620 
-0.000730 
-0.006570 
-0.010770 
-0.010950 
-0.006900 
-0.000750 
0.004310 
0.006060 
0.004350 
0.000820 
-0.002410 
-0.003730 
-0.002630 
0.000190 
0.003080 
0.004140 
0.002410 
-0.001370 
-0.005180 
-0.006990 
-0.006070 
-0.003140 
0.000270 
0.002720 
0.003330 
0.002030 
-0.000370 
-0.002430 
-0.002870 
-0.001500 
0.000680 
0.002170 
0.002070 
0.000520 
-0.001670 
-0.003540 
-0.004350 
-0.003730 
-0.001940 
0.000150 
0.001380 
0.001130 
-0.000250 
-0.001690 
-0.002220 
-0.001590 
-0.000210 
0.001200 
0.001990 
0.001750 
0.000480 
-0.001290 
-0.002660 
-0.002870 
-0.001890 
-0.000420 
0.000610 
0.000720 
0.000010 
-0.001050 
-0.001920 
-0.002160 
-0.001610 
-0.000460 
0.000680 
0.001130 
0.000590 
-0.000600 
-0.001750 
-0.002300 
-0.002120 
-0.001440 
-0.000670 
-0.000200 
-0.000280 
-0.000940 
-0.001820 
-0.002380 
-0.002250 
-0.001500 
-0.000570 
0.000020 
0.000010 
-0.000500 
-0.001240 
-0.001840 
-0.002010 
-0.001620 
-0.000850 
-0.000110 
0.000190 
-0.000080 
-0.000670 
-0.001160 
-0.001240 
-0.000890 
-0.000290 
0.000280 
0.000560 
0.000400 
-0.000140 
-0.000800 
-0.001200 
-0.001140 
-0.000680 
-0.000110 
0.000250 
0.000250 
-0.000030 
-0.000410 
-0.000660 
-0.000630 
-0.000320 
0.000120 
0.000400 
0.000340 
-0.000050 
-0.000520 
-0.000820 
-0.000800 
-0.000530 
-0.000180 
0.000060 
0.000090 
-0.000110 
-0.000460 
-0.000780 
-0.000900 
-0.000760 
-0.000450 
-0.000180 
-0.000110 
-0.000280 
-0.000610 
-0.000950 
-0.001170 
-0.001170 
-0.000960 
-0.000640 
-0.000370 
-0.000320 
-0.000480 
-0.000740 
-0.000940 
-0.000990 
-0.000890 
-0.000730 
-0.000590 
-0.000570 
-0.000680 
-0.000880 
-0.001050 
-0.001100 
-0.000990 
-0.000790 
-0.000600 
-0.000500 
-0.000480 
-0.000510 
-0.000560 
-0.000600 
-0.000590 
-0.000490 
-0.000340 
-0.000210 
-0.000150 
-0.000170 
-0.000240 
-0.000310 
-0.000350 
-0.000360 
-0.000300 
-0.000180 
-0.000040 
0.000060 
0.000070 
0.000010 
-0.000070 
-0.000110 
-0.000100 
-0.000050 
-0.000010 
-0.000020 
-0.000100 
-0.000260 
-0.000440 
-0.000570 
-0.000600 
-0.000540 
-0.000430 
-0.000330 
-0.000250 
-0.000200 
-0.000160 
-0.000110 
-0.000040 
0.000060 
0.000170 
0.000220 
0.000180 
0.000040 
-0.000130 
-0.000280 
-0.000360 
-0.000370 
-0.000360 
-0.000390 
-0.000470 
-0.000600 
-0.000730 
-0.000790 
-0.000740 
-0.000590 
-0.000420 
-0.000320 
-0.000330 
-0.000460 
-0.000640 
-0.000800 
-0.000890 
-0.000900 
-0.000840 
-0.000770 
-0.000730 
-0.000750 
-0.000810 
-0.000850 
-0.000830 
-0.000740 
-0.000600 
-0.000450 
-0.000350 
-0.000320 
-0.000370 
-0.000460 
-0.000520 
-0.000510 
-0.000430 
-0.000320 
-0.000250 
-0.000250 
-0.000310 
-0.000390 
-0.000430 
-0.000400 
-0.000300 
-0.000170 
-0.000060 
0.000010 
0.000030 
0.000050 
0.000070 
0.000110 
0.000160 
0.000190 
0.000190 
0.000140 
0.000070 
-0.000010 
-0.000070 
-0.000100 
-0.000120 
-0.000140 
-0.000150 
-0.000160 
-0.000150 
-0.000130 
-0.000090 
-0.000050 
0.000000 
0.000040 
0.000040 
0.000000 
-0.000090 
-0.000210 
-0.000340 
-0.000430 
-0.000490 
-0.000530 
-0.000580 
-0.000660 
-0.000750 
-0.000830 
-0.000840 
-0.000760 
-0.000630 
-0.000500 
-0.000420 
-0.000430 
-0.000500 
-0.000600 
-0.000690 
-0.000740 
-0.000760 
-0.000740 
-0.000720 
-0.000690 
-0.000640 
-0.000550 
-0.000430 
-0.000280 
-0.000160 
-0.000090 
-0.000060 
-0.000070 
-0.000090 
-0.000110 
-0.000120 
-0.000110 
-0.000080 
-0.000050 
-0.000020 
-0.000010 
0.000010 
0.000040 
0.000080 
0.000110 
0.000120 
0.000110 
0.000110 
0.000130 
0.000170 
0.000220 
0.000270 
0.000290 
0.000280 
0.000250 
0.000220 
0.000220 
0.000250 
0.000270 
0.000280 
0.000250 
0.000200 
0.000130 
0.000030 
-0.000080 
-0.000200 
-0.000300 
-0.000360 
-0.000370 
-0.000350 
-0.000320 
-0.000290 
-0.000270 
-0.000260 
-0.000260 
-0.000250 
-0.000230 
-0.000220 
-0.000260 
-0.000360 
-0.000520 
-0.000680 
-0.000780 
-0.000800 
-0.000730 
-0.000610 
-0.000490 
-0.000390 
-0.000350 
-0.000370 
-0.000400 
-0.000420 
-0.000400 
-0.000380 
-0.000360 
-0.000340 
-0.000330 
-0.000320 
-0.000310 
-0.000300 
-0.000310 
-0.000310 
-0.000320 
-0.000320 
-0.000320 
-0.000300 
-0.000270 
-0.000230 
-0.000190 
-0.000140 
-0.000070 
0.000020 
0.000120 
0.000210 
0.000280 
0.000310 
0.000320 
0.000300 
0.000260 
0.000190 
0.000110 
0.000030 
-0.000030 
-0.000070 
-0.000100 
-0.000110 
-0.000120 
-0.000130 
-0.000120 
-0.000090 
-0.000020 
0.000070 
0.000180 
0.000280 
0.000340 
0.000350 
0.000300 
0.000210 
0.000080 
-0.000040 
-0.000130 
-0.000160 
-0.000160 
-0.000140 
-0.000120 
-0.000100 
-0.000080 
-0.000070 
-0.000040 
-0.000010 
0.000030 
0.000080 
0.000110 
0.000110 
0.000110 
0.000090 
0.000080 
0.000060 
0.000030 
0.000020 
0.000020 
0.000030 
0.000020 
-0.000030 
-0.000100 
-0.000160 
-0.000200 
-0.000210 
-0.000180 
-0.000130 
-0.000060 
-0.000010 
0.000010 
0.000000 
-0.000030 
-0.000060 
-0.000090 
-0.000110 
-0.000120 
-0.000110 
-0.000090 
-0.000060 
-0.000040 
-0.000030 
-0.000020 
-0.000020 
0.000000 
0.000020 
0.000060 
0.000090 
0.000110 
0.000100 
0.000050 
0.000000 
-0.000060 
-0.000090 
-0.000100 
-0.000120 
-0.000130 
-0.000150 
-0.000160 
-0.000140 
-0.000090 
0.000000 
0.000130 
0.000270 
0.000390 
0.000480 
0.000520 
