0.005060 
0.004700 
0.002930 
0.000110 
-0.003220 
-0.006520 
-0.009370 
-0.011470 
-0.012750 
-0.013410 
-0.013740 
-0.013940 
-0.013990 
-0.013710 
-0.012860 
-0.011110 
-0.008230 
-0.004180 
0.000760 
0.006090 
0.011040 
0.014740 
0.016460 
0.015860 
0.013050 
0.008610 
0.003520 
-0.001020 
-0.004020 
-0.005000 
-0.003900 
-0.000970 
0.003140 
0.007540 
0.011310 
0.013950 
0.015340 
0.015630 
0.015160 
0.014370 
0.013610 
0.013010 
0.012350 
0.011300 
0.009530 
0.006910 
0.003470 
-0.000550 
-0.004730 
-0.008460 
-0.011160 
-0.012400 
-0.012130 
-0.010620 
-0.008390 
-0.006100 
-0.004470 
-0.004010 
-0.004780 
-0.006400 
-0.008290 
-0.009880 
-0.010720 
-0.010560 
-0.009450 
-0.007800 
-0.006170 
-0.005040 
-0.004710 
-0.005210 
-0.006320 
-0.007570 
-0.008340 
-0.008130 
-0.006730 
-0.004250 
-0.001060 
0.002430 
0.005730 
0.008410 
0.010260 
0.011340 
0.011890 
0.012190 
0.012470 
0.012880 
0.013460 
0.014060 
0.014370 
0.014040 
0.012890 
0.010960 
0.008520 
0.005990 
0.003870 
0.002600 
0.002430 
0.003230 
0.004620 
0.006090 
0.007160 
0.007420 
0.006550 
0.004510 
0.001520 
-0.001930 
-0.005370 
-0.008410 
-0.010790 
-0.012410 
-0.013350 
-0.013900 
-0.014360 
-0.014890 
-0.015490 
-0.016050 
-0.016420 
-0.016360 
-0.015590 
-0.013970 
-0.011580 
-0.008770 
-0.005980 
-0.003710 
-0.002350 
-0.002110 
-0.002920 
-0.004410 
-0.006040 
-0.007280 
-0.007710 
-0.007070 
-0.005270 
-0.002400 
0.001240 
0.005210 
0.009090 
0.012530 
0.015360 
0.017570 
0.019220 
0.020400 
0.021130 
0.021340 
0.020900 
0.019660 
0.017570 
0.014730 
0.011330 
0.007660 
0.004150 
0.001310 
-0.000410 
-0.000790 
0.000150 
0.002130 
0.004650 
0.007060 
0.008710 
0.009130 
0.008120 
0.005680 
0.002020 
-0.002520 
-0.007520 
-0.012560 
-0.017250 
-0.021290 
-0.024540 
-0.026970 
-0.028560 
-0.029210 
-0.028760 
-0.027060 
-0.024020 
-0.019700 
-0.014370 
-0.008540 
-0.002850 
0.002020 
0.005500 
0.007200 
0.006990 
0.005080 
0.001950 
-0.001650 
-0.004910 
-0.007100 
-0.007760 
-0.006730 
-0.004080 
-0.000150 
0.004580 
0.009590 
0.014440 
0.018750 
0.022210 
0.024630 
0.025900 
0.025920 
0.024640 
0.022090 
0.018390 
0.013730 
0.008460 
0.003110 
-0.001670 
-0.005330 
-0.007500 
-0.007980 
-0.006840 
-0.004460 
-0.001490 
0.001330 
0.003370 
0.004140 
0.003410 
0.001240 
-0.002010 
-0.005830 
-0.009650 
-0.012980 
-0.015450 
-0.016900 
-0.017310 
-0.016800 
-0.015550 
-0.013730 
-0.011480 
-0.008830 
-0.005860 
-0.002770 
0.000200 
0.002830 
0.004880 
0.006060 
0.006170 
0.005220 
0.003490 
0.001370 
-0.000660 
-0.002050 
-0.002370 
-0.001410 
0.000760 
0.003810 
0.007300 
0.010700 
0.013570 
0.015530 
0.016360 
0.016060 
0.014850 
0.013080 
0.011070 
0.009040 
0.007120 
0.005390 
0.003800 
0.002330 
0.000990 
-0.000090 
-0.000770 
-0.000920 
-0.000510 
0.000410 
0.001660 
0.002970 
0.004040 
0.004530 
0.004130 
0.002670 
0.000240 
-0.002890 
-0.006340 
-0.009730 
-0.012660 
-0.014840 
-0.016080 
-0.016360 
-0.015780 
-0.014570 
-0.013030 
-0.011430 
-0.010010 
-0.008930 
-0.008230 
-0.007830 
-0.007630 
-0.007560 
-0.007570 
-0.007550 
-0.007320 
-0.006760 
-0.005770 
-0.004240 
-0.002100 
0.000650 
0.003940 
0.007580 
0.011340 
0.014860 
0.017690 
0.019420 
0.019730 
0.018480 
0.015750 
0.011940 
0.007690 
0.003760 
0.000900 
-0.000330 
0.000410 
0.003040 
0.007150 
0.012090 
0.017080 
0.021250 
0.023810 
0.024220 
0.022200 
0.017760 
0.011170 
0.002920 
-0.006330 
-0.015840 
-0.024820 
-0.032530 
-0.038270 
-0.041480 
-0.041820 
-0.039230 
-0.033970 
-0.026610 
-0.017910 
-0.008810 
-0.000390 
0.006310 
0.010420 
0.011440 
0.009300 
0.004380 
-0.002490 
-0.010220 
-0.017570 
-0.023330 
-0.026500 
-0.026470 
-0.022980 
-0.016150 
-0.006530 
0.004980 
0.017220 
0.029030 
0.039310 
0.047110 
0.051600 
0.052290 
0.049120 
0.042500 
0.033190 
0.022250 
0.010940 
0.000580 
-0.007560 
-0.012550 
-0.013920 
-0.011700 
-0.006360 
0.001170 
0.009610 
0.017440 
0.023320 
0.026280 
0.025820 
0.021810 
0.014580 
0.004900 
-0.006200 
-0.017610 
-0.028330 
-0.037410 
-0.044050 
-0.047670 
-0.048000 
-0.045160 
-0.039510 
-0.031610 
-0.022260 
-0.012470 
-0.003310 
0.004280 
0.009570 
0.012040 
0.011470 
0.008070 
0.002590 
-0.003930 
-0.010380 
-0.015720 
-0.019010 
-0.019620 
-0.017330 
-0.012380 
-0.005330 
0.003070 
0.011970 
0.020500 
0.027900 
0.033650 
0.037480 
0.039280 
0.038980 
0.036600 
0.032370 
0.026780 
0.020420 
0.013820 
0.007550 
0.002180 
-0.001740 
-0.003930 
-0.004360 
-0.003140 
-0.000630 
0.002540 
0.005590 
0.007830 
0.008800 
0.008270 
0.006180 
0.002650 
-0.002050 
-0.007460 
-0.013100 
-0.018490 
-0.023220 
-0.026970 
-0.029510 
-0.030710 
-0.030570 
-0.029120 
-0.026440 
-0.022640 
-0.017980 
-0.012910 
-0.007870 
-0.003250 
0.000600 
0.003340 
0.004800 
0.005000 
0.004130 
0.002560 
0.000740 
-0.000780 
-0.001510 
-0.001120 
0.000490 
0.003250 
0.006850 
0.010940 
0.015090 
0.018920 
0.022070 
0.024270 
0.025360 
0.025280 
0.024010 
0.021630 
0.018380 
0.014520 
0.010270 
0.005820 
0.001470 
-0.002460 
-0.005720 
-0.008140 
-0.009610 
-0.010140 
-0.009920 
-0.009260 
-0.008460 
-0.007770 
-0.007430 
-0.007690 
-0.008740 
-0.010660 
-0.013320 
-0.016390 
-0.019480 
-0.022210 
-0.024240 
-0.025310 
-0.025220 
-0.023900 
-0.021390 
-0.017800 
-0.013400 
-0.008560 
-0.003780 
0.000560 
0.004200 
0.007020 
0.008920 
0.009950 
0.010260 
0.010110 
0.009820 
0.009760 
0.010290 
0.011590 
0.013690 
0.016450 
0.019590 
0.022740 
0.025510 
0.027580 
0.028640 
0.028470 
0.026960 
0.024270 
0.020680 
0.016570 
0.012310 
0.008240 
0.004590 
0.001490 
-0.000990 
-0.002810 
-0.003970 
-0.004630 
-0.005010 
-0.005360 
-0.005910 
-0.006880 
-0.008410 
-0.010550 
-0.013350 
-0.016750 
-0.020590 
-0.024530 
-0.028110 
-0.030920 
-0.032580 
-0.032830 
-0.031590 
-0.028930 
-0.025040 
-0.020230 
-0.014900 
-0.009530 
-0.004580 
-0.000440 
0.002670 
0.004710 
0.005830 
0.006230 
0.006150 
0.005830 
0.005520 
0.005500 
0.005960 
0.007100 
0.009010 
0.011710 
0.015080 
0.018900 
0.022880 
0.026680 
0.029930 
0.032240 
0.033310 
0.032970 
0.031190 
0.028070 
0.023820 
0.018820 
0.013490 
0.008270 
0.003480 
-0.000640 
-0.003910 
-0.006260 
-0.007690 
-0.008320 
-0.008330 
-0.007880 
-0.007230 
-0.006690 
-0.006560 
-0.007060 
-0.008310 
-0.010410 
-0.013380 
-0.017090 
-0.021230 
-0.025340 
-0.028940 
-0.031600 
-0.032990 
-0.032870 
-0.031110 
-0.027780 
-0.023130 
-0.017580 
-0.011610 
-0.005770 
-0.000550 
0.003660 
0.006660 
0.008440 
0.009070 
0.008680 
0.007490 
0.005830 
0.004120 
0.002760 
0.002080 
0.002320 
0.003580 
0.005890 
0.009130 
0.013050 
0.017280 
0.021370 
0.024800 
0.027050 
0.027740 
0.026680 
0.023940 
0.019740 
0.014470 
0.008650 
0.002910 
-0.002170 
-0.006160 
-0.008790 
-0.009990 
-0.009900 
-0.008830 
-0.007160 
-0.005260 
-0.003500 
-0.002160 
-0.001440 
-0.001510 
-0.002420 
-0.004070 
-0.006260 
-0.008770 
-0.011380 
-0.013780 
-0.015610 
-0.016570 
-0.016500 
-0.015300 
-0.012940 
-0.009560 
-0.005470 
-0.001150 
0.002870 
0.006120 
0.008240 
0.009030 
0.008510 
0.006880 
0.004480 
0.001690 
-0.001080 
-0.003480 
-0.005200 
-0.006000 
-0.005770 
-0.004540 
-0.002440 
0.000360 
0.003610 
0.006940 
0.010010 
0.012530 
0.014190 
0.014660 
0.013730 
0.011420 
0.007920 
0.003550 
-0.001210 
-0.005730 
-0.009400 
-0.011760 
-0.012530 
-0.011610 
-0.009130 
-0.005400 
-0.000900 
0.003840 
0.008310 
0.012030 
0.014680 
0.016050 
0.015990 
0.014480 
0.011620 
0.007680 
0.002970 
-0.002110 
-0.007020 
-0.011210 
-0.014250 
-0.015820 
-0.015700 
-0.013830 
-0.010400 
-0.005860 
-0.000810 
0.004140 
0.008370 
0.011340 
0.012670 
0.012260 
0.010220 
0.006800 
0.002430 
-0.002410 
-0.007170 
-0.011400 
-0.014700 
-0.016790 
-0.017490 
-0.016620 
-0.014140 
-0.010170 
-0.005100 
0.000590 
0.006380 
0.011670 
0.015850 
0.018430 
0.019110 
0.017810 
0.014680 
0.010110 
0.004700 
-0.000840 
-0.005800 
-0.009570 
-0.011730 
-0.012090 
-0.010760 
-0.008080 
-0.004510 
-0.000570 
0.003190 
0.006390 
0.008830 
0.010420 
0.011090 
0.010780 
0.009500 
0.007260 
0.004080 
0.000030 
-0.004700 
-0.009760 
-0.014630 
-0.018670 
-0.021270 
-0.022000 
-0.020670 
-0.017420 
-0.012700 
-0.007230 
-0.001850 
0.002710 
0.005890 
0.007440 
0.007390 
0.006050 
0.003890 
0.001430 
-0.000920 
-0.002930 
-0.004500 
-0.005580 
-0.006100 
-0.006030 
-0.005380 
-0.004060 
-0.001950 
0.000990 
0.004650 
0.008720 
0.012850 
0.016580 
0.019360 
0.020740 
0.020540 
0.018900 
0.016130 
0.012610 
0.008850 
0.005410 
0.002790 
0.001220 
0.000640 
0.000860 
0.001660 
0.002790 
0.004000 
0.005010 
0.005650 
0.005850 
0.005520 
0.004530 
0.002780 
0.000270 
-0.002850 
-0.006470 
-0.010430 
-0.014500 
-0.018280 
-0.021330 
-0.023330 
-0.024090 
-0.023540 
-0.021730 
-0.018860 
-0.015310 
-0.011620 
-0.008250 
-0.005470 
-0.003430 
-0.002220 
-0.001850 
-0.002180 
-0.002980 
-0.004050 
-0.005230 
-0.006320 
-0.006980 
-0.006890 
-0.005810 
-0.003680 
-0.000560 
0.003450 
0.008140 
0.013150 
0.018030 
0.022330 
0.025670 
0.027730 
0.028300 
0.027340 
0.025080 
0.021890 
0.018180 
0.014350 
0.010830 
0.008010 
0.006120 
0.005100 
0.004790 
0.004950 
0.005280 
0.005470 
0.005290 
0.004640 
0.003480 
0.001840 
-0.000250 
-0.002720 
-0.005480 
-0.008370 
-0.011230 
-0.013890 
-0.016220 
-0.018050 
-0.019200 
-0.019540 
-0.019070 
-0.017870 
-0.016120 
-0.014080 
-0.012110 
-0.010550 
-0.009630 
-0.009420 
-0.009870 
-0.010820 
-0.011980 
-0.012970 
-0.013420 
-0.013020 
-0.011550 
-0.008990 
-0.005500 
-0.001360 
0.003110 
0.007580 
0.011650 
0.014970 
0.017290 
0.018510 
0.018610 
0.017720 
0.016060 
0.013910 
0.011540 
0.009200 
0.007200 
0.005760 
0.005050 
0.005230 
0.006360 
0.008320 
0.010810 
0.013460 
0.015840 
0.017460 
0.017860 
0.016750 
0.014040 
0.009860 
0.004570 
-0.001290 
-0.007100 
-0.012260 
-0.016300 
-0.018890 
-0.019890 
-0.019440 
-0.017810 
-0.015380 
-0.012580 
-0.009850 
-0.007540 
-0.005850 
-0.004890 
-0.004740 
-0.005360 
-0.006620 
-0.008340 
-0.010290 
-0.012190 
-0.013740 
-0.014610 
-0.014540 
-0.013290 
-0.010720 
-0.006890 
-0.002100 
0.003220 
0.008570 
0.013440 
0.017320 
0.019850 
0.020860 
0.020320 
0.018410 
0.015490 
0.012070 
0.008640 
0.005570 
0.003060 
0.001260 
0.000230 
-0.000040 
0.000380 
0.001390 
0.002840 
0.004540 
0.006260 
0.007760 
0.008730 
0.008880 
0.007970 
0.005810 
0.002380 
-0.002130 
-0.007300 
-0.012580 
-0.017400 
-0.021250 
-0.023670 
-0.024400 
-0.023390 
-0.020800 
-0.016910 
-0.012160 
-0.007090 
-0.002210 
0.002080 
0.005500 
0.007900 
0.009210 
0.009430 
0.008640 
0.007020 
0.004820 
0.002360 
-0.000050 
-0.002030 
-0.003180 
-0.003190 
-0.001880 
0.000800 
0.004740 
0.009620 
0.014900 
0.019930 
0.024050 
0.026770 
0.027740 
0.026800 
0.024050 
0.019790 
0.014510 
0.008760 
0.003070 
-0.002040 
-0.006110 
-0.008820 
-0.010020 
-0.009780 
-0.008260 
-0.005760 
-0.002720 
0.000320 
0.002780 
0.004110 
0.003880 
0.001870 
-0.001860 
-0.006960 
-0.012850 
-0.018850 
-0.024290 
-0.028560 
-0.031190 
-0.031910 
-0.030700 
-0.027760 
-0.023400 
-0.018060 
-0.012270 
-0.006560 
-0.001400 
0.002800 
0.005750 
0.007220 
0.007140 
0.005590 
0.002880 
-0.000550 
-0.004130 
-0.007180 
-0.009000 
-0.009010 
-0.006870 
-0.002520 
0.003790 
0.011470 
0.019680 
0.027420 
0.033780 
0.038000 
0.039620 
0.038560 
0.035110 
0.029790 
0.023220 
0.016150 
0.009260 
0.003190 
-0.001600 
-0.004780 
-0.006170 
-0.005860 
-0.004140 
-0.001430 
0.001750 
0.004840 
0.007270 
0.008560 
0.008290 
0.006180 
0.002190 
-0.003390 
-0.010070 
-0.017210 
-0.024140 
-0.030150 
-0.034550 
-0.036890 
-0.036940 
-0.034760 
-0.030670 
-0.025210 
-0.019080 
-0.012980 
-0.007510 
-0.003090 
0.000040 
0.001730 
0.001960 
0.000910 
-0.001020 
-0.003390 
-0.005760 
-0.007760 
-0.009000 
-0.009170 
-0.008120 
-0.005810 
-0.002250 
0.002460 
0.007950 
0.013720 
0.019220 
0.023980 
0.027530 
0.029470 
0.029550 
0.027810 
0.024490 
0.020010 
0.014890 
0.009750 
0.005160 
0.001540 
-0.000890 
-0.002150 
-0.002340 
-0.001590 
-0.000050 
0.001970 
0.004090 
0.005960 
0.007310 
0.007920 
0.007490 
0.005870 
0.003100 
-0.000620 
-0.005050 
-0.009880 
-0.014650 
-0.018780 
-0.021750 
-0.023200 
-0.022990 
-0.021170 
-0.018010 
-0.013950 
-0.009560 
-0.005340 
-0.001690 
0.001160 
0.003180 
0.004410 
0.004970 
0.005040 
0.004820 
0.004390 
0.003750 
0.002870 
0.001800 
0.000740 
-0.000030 
-0.000180 
0.000530 
0.002250 
0.004930 
0.008400 
0.012320 
0.016110 
0.019140 
0.020900 
0.021060 
0.019500 
0.016380 
0.012090 
0.007220 
0.002380 
-0.001920 
-0.005330 
-0.007710 
-0.009100 
-0.009600 
-0.009390 
-0.008740 
-0.007880 
-0.007000 
-0.006180 
-0.005530 
-0.005180 
-0.005230 
-0.005710 
-0.006680 
-0.008180 
-0.010090 
-0.012150 
-0.013970 
-0.015190 
-0.015530 
-0.014830 
-0.013040 
-0.010270 
-0.006770 
-0.002860 
0.001020 
0.004440 
0.007110 
0.008890 
0.009850 
0.010140 
0.010020 
0.009730 
0.009420 
0.009180 
0.009060 
0.009060 
0.009150 
0.009340 
0.009670 
0.010160 
0.010770 
0.011440 
0.012100 
0.012620 
0.012820 
0.012450 
0.011290 
0.009230 
0.006400 
0.003050 
-0.000500 
-0.003910 
-0.006900 
-0.009230 
-0.010780 
-0.011590 
-0.011800 
-0.011600 
-0.011190 
-0.010830 
-0.010690 
-0.010820 
-0.011150 
-0.011560 
-0.011960 
-0.012330 
-0.012670 
-0.012940 
-0.013090 
-0.013080 
-0.012890 
-0.012480 
-0.011770 
-0.010640 
-0.009060 
-0.007080 
-0.004750 
-0.002160 
0.000500 
0.002960 
0.004950 
0.006370 
0.007260 
0.007780 
0.008120 
0.008420 
0.008810 
0.009350 
0.010050 
0.010890 
0.011750 
0.012500 
0.013040 
0.013360 
0.013450 
0.013350 
0.013100 
0.012700 
0.012140 
0.011350 
0.010270 
0.008870 
0.007160 
0.005180 
0.003020 
0.000750 
-0.001480 
-0.003500 
-0.005130 
-0.006280 
-0.006930 
-0.007130 
-0.007020 
-0.006790 
-0.006630 
-0.006620 
-0.006810 
-0.007230 
-0.007900 
-0.008790 
-0.009840 
-0.011000 
-0.012150 
-0.013060 
-0.013550 
-0.013480 
-0.012790 
-0.011470 
-0.009530 
-0.007050 
-0.004130 
-0.000970 
0.002170 
0.005000 
0.007280 
0.008800 
0.009390 
0.009020 
0.007890 
0.006310 
0.004610 
0.003060 
0.001910 
0.001400 
0.001620 
0.002520 
0.003990 
0.005840 
0.007880 
0.009920 
0.011790 
0.013310 
0.014240 
0.014400 
0.013690 
0.012050 
0.009530 
0.006260 
0.002540 
-0.001350 
-0.005070 
-0.008310 
-0.010720 
-0.012030 
-0.012090 
-0.010950 
-0.008760 
-0.005890 
-0.002810 
0.000010 
0.002170 
0.003370 
0.003420 
0.002310 
0.000210 
-0.002630 
-0.005830 
-0.008990 
-0.011750 
-0.013810 
-0.014980 
-0.015130 
-0.014190 
-0.012230 
-0.009340 
-0.005690 
-0.001580 
0.002560 
0.006320 
0.009410 
0.011620 
0.012770 
0.012680 
0.011370 
0.009060 
0.006110 
0.002960 
0.000070 
-0.002160 
-0.003450 
-0.003680 
-0.002860 
-0.001140 
0.001240 
0.003960 
0.006700 
0.009090 
0.010800 
0.011610 
0.011470 
0.010380 
0.008390 
0.005640 
0.002380 
-0.001110 
-0.004550 
-0.007680 
-0.010240 
-0.012040 
-0.013000 
-0.013070 
-0.012280 
-0.010720 
-0.008560 
-0.006040 
-0.003440 
-0.001110 
0.000670 
0.001660 
0.001760 
0.000950 
-0.000620 
-0.002670 
-0.004880 
-0.006930 
-0.008490 
-0.009270 
-0.009110 
-0.008040 
-0.006150 
-0.003570 
-0.000480 
0.002870 
0.006150 
0.009080 
0.011490 
0.013220 
0.014150 
0.014210 
0.013430 
0.011900 
0.009850 
0.007530 
0.005220 
0.003150 
0.001540 
0.000600 
0.000420 
0.001040 
0.002340 
0.004120 
0.006070 
0.007800 
0.008990 
0.009440 
0.009030 
0.007740 
0.005660 
0.002930 
-0.000290 
-0.003770 
-0.007280 
-0.010550 
-0.013370 
-0.015530 
-0.016840 
-0.017180 
-0.016530 
-0.015000 
-0.012800 
-0.010260 
-0.007740 
-0.005600 
-0.004090 
-0.003360 
-0.003460 
-0.004280 
-0.005620 
-0.007250 
-0.008860 
-0.010120 
-0.010710 
-0.010420 
-0.009170 
-0.007040 
-0.004170 
-0.000760 
0.002960 
0.006800 
0.010520 
0.013820 
0.016470 
0.018300 
0.019240 
0.019320 
0.018580 
0.017170 
0.015290 
0.013220 
0.011260 
0.009660 
0.008590 
0.008140 
0.008320 
0.008990 
0.009910 
0.010780 
0.011330 
0.011400 
0.010860 
0.009590 
0.007580 
0.004940 
0.001860 
-0.001440 
-0.004800 
-0.008050 
-0.011030 
-0.013610 
-0.015670 
-0.017170 
-0.018070 
-0.018370 
-0.018100 
-0.017360 
-0.016340 
-0.015170 
-0.013980 
-0.012910 
-0.012100 
-0.011660 
-0.011540 
-0.011620 
-0.011750 
-0.011810 
-0.011680 
-0.011240 
-0.010420 
-0.009170 
-0.007490 
-0.005440 
-0.003080 
-0.000480 
0.002300 
0.005130 
0.007890 
0.010480 
0.012760 
0.014600 
0.015890 
0.016590 
0.016730 
0.016370 
0.015630 
0.014690 
0.013770 
0.013040 
0.012580 
0.012400 
0.012430 
0.012530 
0.012570 
0.012430 
0.012020 
0.011300 
0.010300 
0.009050 
0.007560 
0.005820 
0.003880 
0.001790 
-0.000410 
-0.002780 
-0.005250 
-0.007690 
-0.009920 
-0.011760 
-0.013100 
-0.013880 
-0.014100 
-0.013900 
-0.013390 
-0.012730 
-0.012090 
-0.011560 
-0.011200 
-0.011030 
-0.011010 
-0.011040 
-0.010920 
-0.010480 
-0.009730 
-0.008710 
-0.007460 
-0.005980 
-0.004310 
-0.002500 
-0.000590 
0.001390 
0.003400 
0.005430 
0.007400 
0.009180 
0.010590 
0.011560 
0.012090 
0.012180 
0.011880 
0.011320 
0.010640 
0.009980 
0.009390 
0.008880 
0.008460 
0.008090 
0.007700 
0.007210 
0.006540 
0.005630 
0.004440 
0.003040 
0.001530 
-0.000000 
-0.001500 
-0.002920 
-0.004240 
-0.005470 
-0.006640 
-0.007720 
-0.008660 
-0.009430 
-0.009970 
-0.010200 
-0.010080 
-0.009670 
-0.009070 
-0.008370 
-0.007680 
-0.007110 
-0.006710 
-0.006450 
-0.006250 
-0.006000 
-0.005600 
-0.004950 
-0.003970 
-0.002690 
-0.001160 
0.000510 
0.002180 
0.003740 
0.005110 
0.006260 
0.007120 
0.007650 
0.007900 
0.008030 
0.008110 
0.008160 
0.008160 
0.008100 
0.008000 
0.007850 
0.007660 
0.007450 
0.007270 
0.007130 
0.007040 
0.006930 
0.006720 
0.006350 
0.005790 
0.005010 
0.003930 
0.002510 
0.000790 
-0.001130 
-0.003090 
-0.004960 
-0.006600 
-0.007940 
-0.008940 
-0.009630 
-0.010010 
-0.010140 
-0.010100 
-0.009960 
-0.009750 
-0.009520 
-0.009320 
-0.009150 
-0.008980 
-0.008820 
-0.008690 
-0.008610 
-0.008540 
-0.008440 
-0.008240 
-0.007860 
-0.007240 
-0.006310 
-0.005000 
-0.003260 
-0.001130 
0.001260 
0.003730 
0.006120 
0.008270 
0.010020 
0.011280 
0.012040 
0.012330 
0.012220 
0.011770 
0.011080 
0.010290 
0.009520 
0.008880 
0.008410 
0.008140 
0.008110 
0.008340 
0.008780 
0.009320 
0.009830 
0.010130 
0.010030 
0.009360 
0.008060 
0.006150 
0.003730 
0.000920 
-0.002120 
-0.005170 
-0.008000 
-0.010430 
-0.012290 
-0.013450 
-0.013890 
-0.013640 
-0.012850 
-0.011660 
-0.010230 
-0.008710 
-0.007250 
-0.005990 
-0.005100 
-0.004760 
-0.005060 
-0.005990 
-0.007390 
-0.009030 
-0.010620 
-0.011860 
-0.012490 
-0.012330 
-0.011270 
-0.009360 
-0.006700 
-0.003540 
-0.000190 
0.003040 
0.005890 
0.008200 
0.009860 
0.010830 
0.011110 
0.010810 
0.010050 
0.008990 
0.007760 
0.006580 
0.005640 
0.005060 
0.004900 
0.005200 
0.005990 
0.007210 
0.008720 
0.010320 
0.011800 
0.012890 
0.013370 
0.013100 
0.012060 
0.010320 
0.007950 
0.005140 
0.002110 
-0.000870 
-0.003580 
-0.005830 
-0.007540 
-0.008680 
-0.009300 
-0.009430 
-0.009170 
-0.008650 
-0.008040 
-0.007450 
-0.007000 
-0.006780 
-0.006820 
-0.007110 
-0.007650 
-0.008430 
-0.009410 
-0.010450 
-0.011410 
-0.012150 
-0.012510 
-0.012340 
-0.011600 
-0.010280 
-0.008440 
-0.006180 
-0.003650 
-0.001000 
0.001630 
0.004120 
0.006300 
0.007990 
0.009120 
0.009660 
0.009640 
0.009110 
0.008240 
0.007240 
0.006280 
0.005510 
0.005100 
0.005180 
0.005770 
0.006830 
0.008250 
0.009870 
0.011490 
0.012850 
0.013760 
0.014080 
0.013690 
0.012510 
0.010570 
0.007950 
0.004880 
0.001620 
-0.001520 
-0.004340 
-0.006690 
-0.008460 
-0.009540 
-0.009920 
-0.009660 
-0.008870 
-0.007680 
-0.006280 
-0.004910 
-0.003770 
-0.003020 
-0.002810 
-0.003240 
-0.004350 
-0.006080 
-0.008250 
-0.010610 
-0.012780 
-0.014440 
-0.015370 
-0.015370 
-0.014310 
-0.012210 
-0.009270 
-0.005790 
-0.002080 
0.001530 
0.004650 
0.006990 
0.008440 
0.009040 
0.008870 
0.008090 
0.006900 
0.005590 
0.004370 
0.003440 
0.002930 
0.002940 
0.003480 
0.004530 
0.005980 
0.007660 
0.009390 
0.011010 
0.012350 
0.013210 
0.013390 
0.012800 
0.011440 
0.009430 
0.006910 
0.004080 
0.001200 
-0.001480 
-0.003780 
-0.005530 
-0.006650 
-0.007130 
-0.007030 
-0.006450 
-0.005580 
-0.004610 
-0.003750 
-0.003100 
-0.002790 
-0.002900 
-0.003500 
-0.004490 
-0.005760 
-0.007140 
-0.008450 
-0.009460 
-0.010010 
-0.010060 
-0.009610 
-0.008710 
-0.007400 
-0.005760 
-0.003950 
-0.002140 
-0.000450 
0.001000 
0.002140 
0.002930 
0.003360 
0.003500 
0.003430 
0.003200 
0.002870 
0.002550 
0.002370 
0.002450 
0.002830 
0.003460 
0.004270 
0.005170 
0.006010 
0.006660 
0.007030 
0.007060 
0.006700 
0.005900 
0.004670 
0.003110 
0.001400 
-0.000350 
-0.002010 
-0.003500 
-0.004710 
-0.005560 
-0.005980 
-0.005990 
-0.005640 
-0.005020 
-0.004250 
-0.003470 
-0.002780 
-0.002210 
-0.001810 
-0.001710 
-0.002000 
-0.002700 
-0.003690 
-0.004770 
-0.005760 
-0.006470 
-0.006730 
-0.006390 
-0.005390 
-0.003720 
-0.001500 
0.001110 
0.003880 
0.006540 
0.008810 
0.010460 
0.011380 
0.011590 
0.011170 
0.010220 
0.008910 
0.007480 
0.006160 
0.005110 
0.004410 
0.004100 
0.004150 
0.004480 
0.004980 
0.005500 
0.005920 
0.006170 
0.006190 
0.005890 
0.005200 
0.004100 
0.002600 
0.000740 
-0.001420 
-0.003780 
-0.006120 
-0.008210 
-0.009860 
-0.010940 
-0.011340 
-0.011000 
-0.010010 
-0.008540 
-0.006880 
-0.005330 
-0.004140 
-0.003480 
-0.003400 
-0.003890 
-0.004840 
-0.006080 
-0.007380 
-0.008510 
-0.009210 
-0.009290 
-0.008650 
-0.007350 
-0.005520 
-0.003300 
-0.000850 
0.001660 
0.004070 
0.006240 
0.008000 
0.009180 
0.009660 
0.009470 
0.008720 
0.007500 
0.005980 
0.004370 
0.002950 
0.001950 
0.001500 
0.001630 
0.002260 
0.003230 
0.004310 
0.005290 
0.005990 
0.006280 
0.006090 
0.005400 
0.004190 
0.002540 
0.000600 
-0.001400 
-0.003350 
-0.005190 
-0.006850 
-0.008230 
-0.009260 
-0.009890 
-0.010010 
-0.009570 
-0.008630 
-0.007350 
-0.005900 
-0.004410 
-0.003000 
-0.001800 
-0.000850 
-0.000150 
0.000360 
0.000800 
0.001280 
0.001870 
0.002610 
0.003470 
0.004420 
0.005360 
0.006160 
0.006780 
0.007280 
0.007720 
0.008160 
0.008670 
0.009310 
0.010060 
0.010780 
0.011350 
0.011630 
0.011480 
0.010680 
0.009100 
0.006760 
0.003770 
0.000340 
-0.003310 
-0.006960 
-0.010400 
-0.013420 
-0.015810 
-0.017420 
-0.018180 
-0.018100 
-0.017240 
-0.015780 
-0.013940 
-0.012030 
-0.010250 
-0.008770 
-0.007780 
-0.007490 
-0.007960 
-0.009110 
-0.010720 
-0.012470 
-0.013950 
-0.014770 
-0.014600 
-0.013210 
-0.010540 
-0.006670 
-0.001810 
0.003710 
0.009450 
0.014940 
0.019700 
0.023400 
0.025830 
0.026880 
0.026560 
0.024980 
0.022460 
0.019360 
0.016030 
0.012850 
0.010130 
0.008100 
0.006890 
0.006530 
0.006960 
0.008050 
0.009560 
0.011190 
0.012570 
0.013330 
0.013080 
0.011600 
0.008850 
0.004950 
0.000180 
-0.005100 
-0.010440 
-0.015420 
-0.019610 
-0.022650 
-0.024320 
-0.024600 
-0.023600 
-0.021560 
-0.018800 
-0.015680 
-0.012570 
-0.009760 
-0.007490 
-0.005970 
-0.005280 
-0.005410 
-0.006220 
-0.007480 
-0.008930 
-0.010290 
-0.011330 
-0.011790 
-0.011440 
-0.010160 
-0.007890 
-0.004760 
-0.000980 
0.003180 
0.007320 
0.011050 
0.014060 
0.016150 
0.017260 
0.017440 
0.016810 
0.015580 
0.014020 
0.012380 
0.010850 
0.009540 
0.008480 
0.007720 
0.007280 
0.007220 
0.007530 
0.008200 
0.009140 
0.010210 
0.011150 
0.011740 
0.011770 
0.011050 
0.009510 
0.007140 
0.004060 
0.000490 
-0.003290 
-0.006920 
-0.010090 
-0.012570 
-0.014230 
-0.015060 
-0.015170 
-0.014710 
-0.013860 
-0.012760 
-0.011590 
-0.010480 
-0.009560 
-0.008850 
-0.008410 
-0.008290 
-0.008530 
-0.009160 
-0.010110 
-0.011230 
-0.012250 
-0.012850 
-0.012760 
-0.011810 
-0.009950 
-0.007270 
-0.003910 
-0.000060 
0.004060 
0.008150 
0.011860 
0.014920 
0.017170 
0.018560 
0.019120 
0.018950 
0.018190 
0.016940 
0.015310 
0.013420 
0.011430 
0.009510 
0.007840 
0.006550 
0.005740 
0.005380 
0.005360 
0.005510 
0.005670 
0.005630 
0.005180 
0.004200 
0.002650 
0.000560 
-0.001950 
-0.004690 
-0.007460 
-0.010140 
-0.012660 
-0.014890 
-0.016690 
-0.017980 
-0.018720 
-0.018870 
-0.018420 
-0.017450 
-0.016110 
-0.014470 
-0.012600 
-0.010590 
-0.008560 
-0.006600 
-0.004790 
-0.003200 
-0.001830 
-0.000640 
0.000410 
0.001330 
0.002150 
0.002940 
0.003750 
0.004590 
0.005550 
0.006690 
0.008010 
0.009420 
0.010840 
0.012210 
0.013480 
0.014590 
0.015450 
0.015990 
0.016130 
0.015800 
0.015020 
0.013810 
0.012250 
0.010380 
0.008300 
0.006150 
0.004050 
0.002060 
0.000280 
-0.001220 
-0.002420 
-0.003340 
-0.004040 
-0.004520 
-0.004860 
-0.005110 
-0.005300 
-0.005540 
-0.005950 
-0.006630 
-0.007600 
-0.008810 
-0.010200 
-0.011730 
-0.013320 
-0.014850 
-0.016210 
-0.017220 
-0.017630 
-0.017310 
-0.016200 
-0.014360 
-0.011940 
-0.009110 
-0.006100 
-0.003070 
-0.000180 
0.002380 
0.004460 
0.005970 
0.007010 
0.007710 
0.008190 
0.008520 
0.008770 
0.009000 
0.009270 
0.009630 
0.010160 
0.010870 
0.011780 
0.012870 
0.014070 
0.015290 
0.016400 
0.017300 
0.017830 
0.017770 
0.016900 
0.015150 
0.012610 
0.009480 
0.005960 
0.002300 
-0.001280 
-0.004560 
-0.007380 
-0.009620 
-0.011240 
-0.012280 
-0.012840 
-0.013020 
-0.012940 
-0.012770 
-0.012600 
-0.012440 
-0.012350 
-0.012390 
-0.012640 
-0.013090 
-0.013730 
-0.014520 
-0.015370 
-0.016090 
-0.016480 
-0.016330 
-0.015470 
-0.013790 
-0.011290 
-0.008060 
-0.004270 
-0.000150 
0.003980 
0.007840 
0.011180 
0.013820 
0.015660 
0.016670 
0.016860 
0.016340 
0.015250 
0.013830 
0.012340 
0.011000 
0.009940 
0.009240 
0.008950 
0.009110 
0.009690 
0.010630 
0.011760 
0.012880 
0.013730 
0.014090 
0.013720 
0.012510 
0.010460 
0.007670 
0.004290 
0.000480 
-0.003530 
-0.007410 
-0.010830 
-0.013540 
-0.015430 
-0.016480 
-0.016750 
-0.016340 
-0.015390 
-0.014100 
-0.012640 
-0.011210 
-0.009970 
-0.009100 
-0.008730 
-0.008860 
-0.009400 
-0.010200 
-0.011110 
-0.012000 
-0.012630 
-0.012800 
-0.012330 
-0.011190 
-0.009390 
-0.007010 
-0.004210 
-0.001130 
0.002050 
0.005190 
0.008150 
0.010810 
0.013090 
0.014890 
0.016170 
0.016910 
0.017170 
0.016980 
0.016410 
0.015550 
0.014510 
0.013420 
0.012450 
0.011750 
0.011410 
0.011360 
0.011460 
0.011570 
0.011580 
0.011390 
0.010860 
0.009920 
0.008530 
0.006710 
0.004490 
0.001940 
-0.000850 
-0.003780 
-0.006760 
-0.009690 
-0.012470 
-0.015020 
-0.017200 
-0.018850 
-0.019890 
-0.020300 
-0.020060 
-0.019150 
-0.017680 
-0.015850 
-0.013870 
-0.011900 
-0.010120 
-0.008670 
-0.007660 
-0.007050 
-0.006710 
-0.006520 
-0.006320 
-0.005970 
-0.005350 
-0.004350 
-0.002900 
-0.000970 
0.001410 
0.004150 
0.007140 
0.010250 
0.013270 
0.015990 
0.018270 
0.019990 
0.021030 
0.021270 
0.020710 
0.019420 
0.017530 
0.015200 
0.012680 
0.010210 
0.008000 
0.006170 
0.004780 
0.003860 
0.003390 
0.003280 
0.003360 
0.003410 
0.003210 
0.002660 
0.001760 
0.000470 
-0.001260 
-0.003430 
-0.005880 
-0.008430 
-0.010930 
-0.013210 
-0.015120 
-0.016540 
-0.017430 
-0.017760 
-0.017510 
-0.016650 
-0.015230 
-0.013350 
-0.011180 
-0.008950 
-0.006840 
-0.004950 
-0.003340 
-0.002100 
-0.001310 
-0.000920 
-0.000830 
-0.000910 
-0.001060 
-0.001130 
-0.000960 
-0.000470 
0.000410 
0.001710 
0.003410 
0.005430 
0.007650 
0.009970 
0.012240 
0.014250 
0.015830 
0.016900 
0.017370 
0.017170 
0.016250 
0.014690 
0.012600 
0.010140 
0.007490 
0.004870 
0.002510 
0.000540 
-0.000900 
-0.001770 
-0.002090 
-0.001980 
-0.001570 
-0.000970 
-0.000370 
-0.000000 
-0.000060 
-0.000650 
-0.001790 
-0.003470 
-0.005590 
-0.008020 
-0.010580 
-0.013080 
-0.015250 
-0.016840 
-0.017640 
-0.017520 
-0.016440 
-0.014460 
-0.011760 
-0.008550 
-0.005070 
-0.001550 
0.001680 
0.004350 
0.006240 
0.007280 
0.007510 
0.007050 
0.006100 
0.004890 
0.003640 
0.002610 
0.002020 
0.002050 
0.002740 
0.004100 
0.006010 
0.008330 
0.010810 
0.013170 
0.015130 
0.016470 
0.016960 
0.016470 
0.014960 
0.012520 
0.009350 
0.005750 
0.002010 
-0.001590 
-0.004810 
-0.007400 
-0.009160 
-0.010020 
-0.010020 
-0.009310 
-0.008090 
-0.006610 
-0.005120 
-0.003870 
-0.003040 
-0.002760 
-0.003080 
-0.004020 
-0.005530 
-0.007450 
-0.009540 
-0.011520 
-0.013160 
-0.014260 
-0.014630 
-0.014130 
-0.012730 
-0.010510 
-0.007660 
-0.004400 
-0.000970 
0.002320 
0.005230 
0.007520 
0.009070 
0.009890 
0.010020 
0.009550 
0.008580 
0.007300 
0.005950 
0.004740 
0.003830 
0.003370 
0.003450 
0.004100 
0.005250 
0.006790 
0.008560 
0.010380 
0.012020 
0.013300 
0.014030 
0.014020 
0.013230 
0.011680 
0.009510 
0.006850 
0.003900 
0.000890 
-0.001940 
-0.004410 
-0.006370 
-0.007720 
-0.008430 
-0.008550 
-0.008190 
-0.007450 
-0.006480 
-0.005450 
-0.004510 
-0.003840 
-0.003580 
-0.003860 
-0.004710 
-0.006020 
-0.007680 
-0.009500 
-0.011270 
-0.012760 
-0.013710 
-0.013960 
-0.013390 
-0.011980 
-0.009850 
-0.007220 
-0.004290 
-0.001280 
0.001600 
0.004170 
0.006320 
0.007980 
0.009050 
0.009520 
0.009450 
0.008970 
0.008190 
0.007270 
0.006370 
0.005650 
0.005230 
0.005180 
0.005560 
0.006360 
0.007480 
0.008720 
0.009930 
0.010890 
0.011420 
0.011380 
0.010690 
0.009360 
0.007410 
0.004990 
0.002340 
-0.000320 
-0.002840 
-0.005060 
-0.006850 
-0.008150 
-0.009000 
-0.009420 
-0.009430 
-0.009080 
-0.008480 
-0.007720 
-0.006870 
-0.006050 
-0.005420 
-0.005030 
-0.004910 
-0.005040 
-0.005390 
-0.005870 
-0.006380 
-0.006830 
-0.007070 
-0.006970 
-0.006440 
-0.005500 
-0.004200 
-0.002590 
-0.000720 
0.001270 
0.003240 
0.005080 
0.006710 
0.008010 
0.008910 
0.009440 
0.009650 
0.009550 
0.009140 
0.008430 
0.007480 
0.006370 
0.005230 
0.004240 
0.003470 
0.002930 
0.002620 
0.002530 
0.002620 
0.002800 
0.002980 
0.003090 
0.003010 
0.002630 
0.001910 
0.000910 
-0.000350 
-0.001820 
-0.003460 
-0.005170 
-0.006870 
-0.008420 
-0.009690 
-0.010580 
-0.011060 
-0.011140 
-0.010810 
-0.010080 
-0.009020 
-0.007760 
-0.006400 
-0.005080 
-0.003930 
-0.003040 
-0.002410 
-0.002000 
-0.001760 
-0.001610 
-0.001470 
-0.001280 
-0.000970 
-0.000460 
0.000290 
0.001290 
0.002470 
0.003810 
0.005250 
0.006740 
0.008180 
0.009520 
0.010700 
0.011660 
0.012300 
0.012550 
0.012370 
0.011830 
0.011000 
0.009990 
0.008860 
0.007670 
0.006470 
0.005340 
0.004320 
0.003400 
0.002580 
0.001830 
0.001130 
0.000390 
-0.000470 
-0.001450 
-0.002530 
-0.003660 
-0.004840 
-0.006040 
-0.007250 
-0.008400 
-0.009470 
-0.010420 
-0.011230 
-0.011880 
-0.012340 
-0.012570 
-0.012580 
-0.012360 
-0.011870 
-0.011100 
-0.010110 
-0.008950 
-0.007680 
-0.006280 
-0.004780 
-0.003250 
-0.001760 
-0.000410 
0.000790 
0.001860 
0.002820 
0.003710 
0.004550 
0.005350 
0.006130 
0.006840 
0.007500 
0.008110 
0.008720 
0.009290 
0.009760 
0.010090 
0.010300 
0.010410 
0.010420 
0.010320 
0.010060 
0.009550 
0.008760 
0.007690 
0.006410 
0.004980 
0.003440 
0.001830 
0.000210 
-0.001320 
-0.002670 
-0.003750 
-0.004550 
-0.005120 
-0.005520 
-0.005790 
-0.005960 
-0.006090 
-0.006180 
-0.006270 
-0.006420 
-0.006690 
-0.007060 
-0.007450 
-0.007800 
-0.008080 
-0.008260 
-0.008320 
-0.008220 
-0.007920 
-0.007350 
-0.006480 
-0.005320 
-0.003930 
-0.002370 
-0.000740 
0.000840 
0.002250 
0.003440 
0.004370 
0.004970 
0.005250 
0.005310 
0.005220 
0.005070 
0.004890 
0.004760 
0.004720 
0.004810 
0.005040 
0.005400 
0.005860 
0.006350 
0.006810 
0.007200 
0.007480 
0.007580 
0.007440 
0.007060 
0.006390 
0.005430 
0.004190 
0.002740 
0.001170 
-0.000450 
-0.001970 
-0.003300 
-0.004410 
-0.005310 
-0.005950 
-0.006300 
-0.006370 
-0.006230 
-0.005890 
-0.005440 
-0.004980 
-0.004670 
-0.004550 
-0.004630 
-0.004860 
-0.005270 
-0.005810 
-0.006440 
-0.007040 
-0.007470 
-0.007590 
-0.007350 
-0.006750 
-0.005790 
-0.004450 
-0.002810 
-0.001000 
0.000840 
0.002630 
0.004300 
0.005700 
0.006750 
0.007460 
0.007860 
0.007950 
0.007740 
0.007260 
0.006580 
0.005800 
0.005050 
0.004450 
0.004060 
0.003930 
0.004070 
0.004480 
0.005050 
0.005660 
0.006200 
0.006570 
0.006610 
0.006170 
0.005200 
0.003760 
0.001950 
-0.000110 
-0.002250 
-0.004290 
-0.006100 
-0.007590 
-0.008660 
-0.009260 
-0.009390 
-0.009070 
-0.008380 
-0.007430 
-0.006360 
-0.005330 
-0.004420 
-0.003700 
-0.003270 
-0.003170 
-0.003360 
-0.003810 
-0.004450 
-0.005170 
-0.005800 
-0.006200 
-0.006260 
-0.005900 
-0.005060 
-0.003710 
-0.001930 
0.000140 
0.002290 
0.004330 
0.006080 
0.007440 
0.008350 
0.008780 
0.008700 
0.008160 
0.007290 
0.006220 
0.005100 
0.004120 
0.003410 
0.003040 
0.002980 
0.003200 
0.003650 
0.004310 
0.005080 
0.005870 
0.006520 
0.006900 
0.006920 
0.006540 
0.005750 
0.004550 
0.002990 
0.001160 
-0.000840 
-0.002880 
-0.004790 
-0.006390 
-0.007530 
-0.008180 
-0.008380 
-0.008180 
-0.007620 
-0.006800 
-0.005850 
-0.004940 
-0.004230 
-0.003810 
-0.003710 
-0.003890 
-0.004310 
-0.004860 
-0.005460 
-0.006000 
-0.006410 
-0.006610 
-0.006510 
-0.006010 
-0.005110 
-0.003830 
-0.002270 
-0.000490 
0.001410 
0.003350 
0.005180 
0.006760 
0.007990 
0.008790 
0.009130 
0.009020 
0.008500 
0.007720 
0.006800 
0.005870 
0.005030 
0.004370 
0.003960 
0.003810 
0.003860 
0.004040 
0.004260 
0.004420 
0.004440 
0.004250 
0.003810 
0.003090 
0.002090 
0.000820 
-0.000690 
-0.002380 
-0.004120 
-0.005770 
-0.007230 
-0.008410 
-0.009220 
-0.009610 
-0.009600 
-0.009240 
-0.008590 
-0.007730 
-0.006770 
-0.005850 
-0.005070 
-0.004450 
-0.003980 
-0.003650 
-0.003420 
-0.003290 
-0.003260 
-0.003280 
-0.003230 
-0.003030 
-0.002650 
-0.002060 
-0.001220 
-0.000160 
0.001070 
0.002390 
0.003780 
0.005160 
0.006400 
0.007350 
0.007930 
0.008120 
0.007950 
0.007500 
0.006830 
0.006020 
0.005140 
0.004320 
0.003650 
0.003140 
0.002800 
0.002610 
0.002570 
0.002580 
0.002550 
0.002440 
0.002290 
0.002090 
0.001760 
0.001270 
0.000600 
-0.000230 
-0.001170 
-0.002150 
-0.003130 
-0.004080 
-0.004970 
-0.005720 
-0.006290 
-0.006630 
-0.006730 
-0.006560 
-0.006190 
-0.005740 
-0.005270 
-0.004790 
-0.004300 
-0.003850 
-0.003490 
-0.003240 
-0.003080 
-0.002960 
-0.002820 
-0.002590 
-0.002260 
-0.001840 
-0.001340 
-0.000730 
-0.000020 
0.000760 
0.001580 
0.002450 
0.003300 
0.004070 
0.004760 
0.005380 
0.005890 
0.006270 
0.006500 
0.006600 
0.006550 
0.006340 
0.005990 
0.005550 
0.005050 
0.004480 
0.003890 
0.003300 
0.002720 
0.002140 
0.001580 
0.001040 
0.000480 
-0.000150 
-0.000830 
-0.001570 
-0.002370 
-0.003180 
-0.003940 
-0.004630 
-0.005270 
-0.005860 
-0.006370 
-0.006750 
-0.007040 
-0.007230 
-0.007320 
-0.007330 
-0.007270 
-0.007140 
-0.006880 
-0.006430 
-0.005790 
-0.004980 
-0.004050 
-0.003070 
-0.002090 
-0.001110 
-0.000140 
0.000790 
0.001600 
0.002300 
0.002920 
0.003490 
0.004040 
0.004590 
0.005140 
0.005630 
0.006030 
0.006340 
0.006580 
0.006780 
0.006910 
0.006960 
0.006910 
0.006780 
0.006570 
0.006330 
0.006030 
0.005630 
0.005090 
0.004420 
0.003610 
0.002690 
0.001700 
0.000700 
-0.000290 
-0.001270 
-0.002200 
-0.003000 
-0.003640 
-0.004110 
-0.004440 
-0.004680 
-0.004870 
-0.005040 
-0.005190 
-0.005280 
-0.005330 
-0.005360 
-0.005390 
-0.005430 
-0.005460 
-0.005470 
-0.005420 
-0.005310 
-0.005160 
-0.004960 
-0.004670 
-0.004280 
-0.003750 
-0.003080 
-0.002270 
-0.001330 
-0.000310 
0.000770 
0.001830 
0.002840 
0.003700 
0.004380 
0.004840 
0.005110 
0.005220 
0.005220 
0.005170 
0.005130 
0.005120 
0.005170 
0.005260 
0.005360 
0.005450 
0.005530 
0.005580 
0.005590 
0.005500 
0.005300 
0.004960 
0.004480 
0.003880 
0.003190 
0.002380 
0.001410 
0.000300 
-0.000930 
-0.002200 
-0.003420 
-0.004510 
-0.005390 
-0.006040 
-0.006460 
-0.006650 
-0.006650 
-0.006510 
-0.006290 
-0.006070 
-0.005920 
-0.005880 
-0.005910 
-0.005930 
-0.005900 
-0.005800 
-0.005620 
-0.005320 
-0.004870 
-0.004270 
-0.003540 
-0.002670 
-0.001710 
-0.000700 
0.000330 
0.001400 
0.002490 
0.003590 
0.004660 
0.005630 
0.006430 
0.007020 
0.007390 
0.007580 
0.007580 
0.007370 
0.006990 
0.006510 
0.005970 
0.005430 
0.004940 
0.004550 
0.004220 
0.003920 
0.003600 
0.003230 
0.002790 
0.002240 
0.001580 
0.000800 
-0.000120 
-0.001150 
-0.002210 
-0.003230 
-0.004190 
-0.005060 
-0.005790 
-0.006370 
-0.006810 
-0.007100 
-0.007240 
-0.007230 
-0.007110 
-0.006870 
-0.006490 
-0.005990 
-0.005380 
-0.004710 
-0.003990 
-0.003320 
-0.002780 
-0.002350 
-0.002000 
-0.001670 
-0.001350 
-0.000990 
-0.000550 
-0.000020 
0.000610 
0.001360 
0.002260 
0.003270 
0.004310 
0.005310 
0.006180 
0.006830 
0.007230 
0.007410 
0.007410 
0.007250 
0.006940 
0.006520 
0.006010 
0.005420 
0.004780 
0.004150 
0.003580 
0.003070 
0.002630 
0.002280 
0.002060 
0.001930 
0.001830 
0.001720 
0.001530 
0.001170 
0.000600 
-0.000150 
-0.001060 
-0.002130 
-0.003320 
-0.004550 
-0.005720 
-0.006730 
-0.007490 
-0.007940 
-0.008110 
-0.008030 
-0.007730 
-0.007220 
-0.006590 
-0.005910 
-0.005220 
-0.004560 
-0.003970 
-0.003530 
-0.003240 
-0.003030 
-0.002870 
-0.002750 
-0.002640 
-0.002480 
-0.002210 
-0.001750 
-0.001060 
-0.000160 
0.000930 
0.002160 
0.003520 
0.004890 
0.006150 
0.007220 
0.008040 
0.008590 
0.008800 
0.008630 
0.008170 
0.007490 
0.006670 
0.005790 
0.004900 
0.004080 
0.003380 
0.002840 
0.002480 
0.002270 
0.002140 
0.002050 
0.001890 
0.001580 
0.001060 
0.000370 
-0.000430 
-0.001310 
-0.002300 
-0.003360 
-0.004440 
-0.005450 
-0.006320 
-0.006980 
-0.007400 
-0.007580 
-0.007530 
-0.007270 
-0.006780 
-0.006100 
-0.005250 
-0.004280 
-0.003300 
-0.002410 
-0.001700 
-0.001170 
-0.000820 
-0.000610 
-0.000530 
-0.000520 
-0.000520 
-0.000430 
-0.000170 
0.000300 
0.000970 
0.001760 
0.002610 
0.003490 
0.004310 
0.005010 
0.005560 
0.005960 
0.006170 
0.006160 
0.005940 
0.005550 
0.005060 
0.004510 
0.003930 
0.003300 
0.002610 
0.001920 
0.001290 
0.000790 
0.000420 
0.000160 
-0.000000 
-0.000100 
-0.000160 
-0.000230 
-0.000350 
-0.000600 
-0.001030 
-0.001660 
-0.002450 
-0.003330 
-0.004200 
-0.004990 
-0.005650 
-0.006160 
-0.006470 
-0.006540 
-0.006360 
-0.005950 
-0.005380 
-0.004730 
-0.004070 
-0.003440 
-0.002850 
-0.002300 
-0.001830 
-0.001470 
-0.001170 
-0.000910 
-0.000660 
-0.000410 
-0.000150 
0.000200 
0.000680 
0.001270 
0.001940 
0.002700 
0.003540 
0.004470 
0.005430 
0.006320 
0.007050 
0.007580 
0.007900 
0.007990 
0.007820 
0.007400 
0.006790 
0.006070 
0.005260 
0.004380 
0.003550 
0.002850 
0.002290 
0.001820 
0.001370 
0.000910 
0.000420 
-0.000070 
-0.000580 
-0.001160 
-0.001830 
-0.002590 
-0.003410 
-0.004290 
-0.005180 
-0.006020 
-0.006740 
-0.007340 
-0.007820 
-0.008160 
-0.008280 
-0.008140 
-0.007770 
-0.007230 
-0.006560 
-0.005810 
-0.005020 
-0.004180 
-0.003300 
-0.002460 
-0.001730 
-0.001080 
-0.000470 
0.000130 
0.000730 
0.001320 
0.001890 
0.002420 
0.002940 
0.003490 
0.004080 
0.004660 
0.005220 
0.005720 
0.006120 
0.006370 
0.006480 
0.006500 
0.006460 
0.006310 
0.006030 
0.005650 
0.005200 
0.004670 
0.004070 
0.003420 
0.002750 
0.002090 
0.001450 
0.000850 
0.000290 
-0.000230 
-0.000690 
-0.001110 
-0.001510 
-0.001920 
-0.002310 
-0.002660 
-0.003020 
-0.003400 
-0.003770 
-0.004100 
-0.004390 
-0.004640 
-0.004790 
-0.004810 
-0.004730 
-0.004610 
-0.004480 
-0.004300 
-0.004090 
-0.003850 
-0.003550 
-0.003190 
-0.002790 
-0.002360 
-0.001880 
-0.001370 
-0.000810 
-0.000210 
0.000430 
0.001030 
0.001520 
0.001930 
0.002330 
0.002710 
0.003030 
0.003260 
0.003470 
0.003670 
0.003820 
0.003920 
0.003980 
0.004060 
0.004150 
0.004200 
0.004170 
0.004040 
0.003860 
0.003650 
0.003410 
0.003060 
0.002590 
0.002050 
0.001490 
0.000910 
0.000280 
-0.000370 
-0.001020 
-0.001690 
-0.002380 
-0.003040 
-0.003590 
-0.004040 
-0.004420 
-0.004740 
-0.004970 
-0.005060 
-0.004970 
-0.004720 
-0.004390 
-0.004080 
-0.003820 
-0.003600 
-0.003400 
-0.003210 
-0.003000 
-0.002730 
-0.002430 
-0.002090 
-0.001660 
-0.001090 
-0.000370 
0.000400 
0.001160 
0.001880 
0.002560 
0.003190 
0.003760 
0.004270 
0.004710 
0.005050 
0.005300 
0.005440 
0.005470 
0.005410 
0.005230 
0.004900 
0.004430 
0.003850 
0.003300 
0.002850 
0.002460 
0.002110 
0.001770 
0.001460 
0.001170 
0.000870 
0.000500 
0.000040 
-0.000480 
-0.001050 
-0.001670 
-0.002300 
-0.002910 
-0.003430 
-0.003840 
-0.004180 
-0.004480 
-0.004730 
-0.004890 
-0.004950 
-0.004920 
-0.004770 
-0.004500 
-0.004110 
-0.003640 
-0.003140 
-0.002670 
-0.002230 
-0.001820 
-0.001450 
-0.001160 
-0.000960 
-0.000800 
-0.000610 
-0.000360 
-0.000060 
0.000290 
0.000700 
0.001160 
0.001680 
0.002220 
0.002750 
0.003220 
0.003580 
0.003850 
0.004040 
0.004180 
0.004310 
0.004420 
0.004480 
0.004400 
0.004180 
0.003880 
0.003560 
0.003220 
0.002850 
0.002460 
0.002060 
0.001670 
0.001330 
0.001090 
0.000940 
0.000820 
0.000660 
0.000400 
-0.000000 
-0.000500 
-0.001070 
-0.001680 
-0.002350 
-0.003030 
-0.003660 
-0.004150 
-0.004480 
-0.004660 
-0.004700 
-0.004630 
-0.004480 
-0.004300 
-0.004080 
-0.003800 
-0.003470 
-0.003160 
-0.002860 
-0.002550 
-0.002210 
-0.001830 
-0.001420 
-0.001010 
-0.000630 
-0.000270 
0.000080 
0.000420 
0.000770 
0.001160 
0.001680 
0.002300 
0.002940 
0.003590 
0.004250 
0.004870 
0.005380 
0.005670 
0.005710 
0.005520 
0.005130 
0.004610 
0.004000 
0.003360 
0.002720 
0.002120 
0.001600 
0.001130 
0.000710 
0.000350 
0.000070 
-0.000210 
-0.000560 
-0.000960 
-0.001390 
-0.001850 
-0.002340 
-0.002850 
-0.003340 
-0.003810 
-0.004240 
-0.004600 
-0.004860 
-0.005010 
-0.005060 
-0.004980 
-0.004790 
-0.004490 
-0.004060 
-0.003480 
-0.002760 
-0.002010 
-0.001280 
-0.000620 
-0.000060 
0.000360 
0.000670 
0.000890 
0.001030 
0.001070 
0.001090 
0.001150 
0.001290 
0.001540 
0.001880 
0.002310 
0.002780 
0.003240 
0.003660 
0.004050 
0.004360 
0.004570 
0.004640 
0.004540 
0.004230 
0.003770 
0.003240 
0.002690 
0.002090 
0.001440 
0.000780 
0.000190 
-0.000310 
-0.000690 
-0.000920 
-0.001020 
-0.001040 
-0.001060 
-0.001080 
-0.001110 
-0.001160 
-0.001290 
-0.001520 
-0.001900 
-0.002380 
-0.002890 
-0.003370 
-0.003780 
-0.004120 
-0.004350 
-0.004430 
-0.004370 
-0.004180 
-0.003880 
-0.003440 
-0.002930 
-0.002390 
-0.001860 
-0.001320 
-0.000770 
-0.000240 
0.000210 
0.000580 
0.000820 
0.000960 
0.001020 
0.001040 
0.001070 
0.001160 
0.001340 
0.001610 
0.001980 
0.002470 
0.003060 
0.003690 
0.004270 
0.004740 
0.005070 
0.005250 
0.005210 
0.004950 
0.004510 
0.003960 
0.003330 
0.002660 
0.001970 
0.001310 
0.000710 
0.000170 
-0.000330 
-0.000790 
-0.001200 
-0.001510 
-0.001740 
-0.001920 
-0.002100 
-0.002270 
-0.002450 
-0.002650 
-0.002910 
-0.003180 
-0.003420 
-0.003640 
-0.003860 
-0.004090 
-0.004260 
-0.004330 
-0.004230 
-0.003970 
-0.003540 
-0.002950 
-0.002220 
-0.001420 
-0.000620 
0.000130 
0.000810 
0.001370 
0.001780 
0.002000 
0.002070 
0.002090 
0.002100 
0.002140 
0.002210 
0.002330 
0.002500 
0.002720 
0.002960 
0.003190 
0.003360 
0.003460 
0.003480 
0.003400 
0.003220 
0.002990 
0.002710 
0.002370 
0.001950 
0.001450 
0.000910 
0.000360 
-0.000160 
-0.000630 
-0.001020 
-0.001320 
-0.001520 
-0.001620 
-0.001640 
-0.001600 
-0.001530 
-0.001470 
-0.001480 
-0.001600 
-0.001830 
-0.002110 
-0.002400 
-0.002710 
-0.003020 
-0.003280 
-0.003450 
-0.003480 
-0.003360 
-0.003100 
-0.002710 
-0.002240 
-0.001750 
-0.001260 
-0.000800 
-0.000380 
0.000010 
0.000350 
0.000630 
0.000840 
0.001040 
0.001250 
0.001450 
0.001620 
0.001760 
0.001910 
0.002070 
0.002260 
0.002480 
0.002770 
0.003120 
0.003470 
0.003770 
0.004030 
0.004220 
0.004330 
0.004330 
0.004180 
0.003830 
0.003330 
0.002730 
0.002100 
0.001450 
0.000830 
0.000270 
-0.000230 
-0.000690 
-0.001100 
-0.001440 
-0.001710 
-0.001980 
-0.002330 
-0.002730 
-0.003130 
-0.003500 
-0.003820 
-0.004080 
-0.004300 
-0.004470 
-0.004570 
-0.004600 
-0.004590 
-0.004520 
-0.004370 
-0.004110 
-0.003780 
-0.003380 
-0.002860 
-0.002180 
-0.001390 
-0.000580 
0.000210 
0.000960 
0.001670 
0.002270 
0.002760 
0.003160 
0.003480 
0.003720 
0.003880 
0.004000 
0.004110 
0.004260 
0.004460 
0.004640 
0.004710 
0.004680 
0.004600 
0.004470 
0.004270 
0.003980 
0.003640 
0.003250 
0.002780 
0.002210 
0.001610 
0.000990 
0.000360 
-0.000280 
-0.000920 
-0.001550 
-0.002150 
-0.002700 
-0.003150 
-0.003520 
-0.003790 
-0.003970 
-0.004080 
-0.004160 
-0.004230 
-0.004280 
-0.004310 
-0.004330 
-0.004330 
-0.004260 
-0.004080 
-0.003830 
-0.003540 
-0.003230 
-0.002870 
-0.002470 
-0.002050 
-0.001590 
-0.001060 
-0.000490 
0.000060 
0.000540 
0.000950 
0.001330 
0.001700 
0.002080 
0.002420 
0.002670 
0.002840 
0.002960 
0.003070 
0.003150 
0.003220 
0.003310 
0.003410 
0.003460 
0.003450 
0.003450 
0.003470 
0.003480 
0.003400 
0.003200 
0.002880 
0.002470 
0.002000 
0.001470 
0.000900 
0.000310 
-0.000220 
-0.000660 
-0.001010 
-0.001280 
-0.001460 
-0.001600 
-0.001780 
-0.002050 
-0.002390 
-0.002710 
-0.002990 
-0.003260 
-0.003520 
-0.003740 
-0.003900 
-0.003940 
-0.003870 
-0.003710 
-0.003520 
-0.003350 
-0.003200 
-0.003050 
-0.002840 
-0.002490 
-0.001980 
-0.001370 
-0.000720 
-0.000070 
0.000590 
0.001230 
0.001800 
0.002280 
0.002650 
0.002910 
0.003090 
0.003230 
0.003390 
0.003590 
0.003830 
0.004050 
0.004230 
0.004360 
0.004440 
0.004440 
0.004320 
0.004070 
0.003710 
0.003310 
0.002890 
0.002440 
0.001960 
0.001480 
0.000970 
0.000390 
-0.000260 
-0.000910 
-0.001520 
-0.002050 
-0.002530 
-0.002970 
-0.003360 
-0.003670 
-0.003860 
-0.003950 
-0.003950 
-0.003880 
-0.003750 
-0.003610 
-0.003480 
-0.003370 
-0.003220 
-0.003000 
-0.002750 
-0.002480 
-0.002200 
-0.001900 
-0.001570 
-0.001220 
-0.000810 
-0.000360 
0.000110 
0.000580 
0.001040 
0.001480 
0.001890 
0.002290 
0.002650 
0.002920 
0.003080 
0.003160 
0.003200 
0.003190 
0.003120 
0.002990 
0.002810 
0.002600 
0.002410 
0.002280 
0.002220 
0.002160 
0.002050 
0.001910 
0.001740 
0.001560 
0.001340 
0.001040 
0.000640 
0.000150 
-0.000380 
-0.000880 
-0.001290 
-0.001620 
-0.001830 
-0.001950 
-0.002010 
-0.002080 
-0.002130 
-0.002150 
-0.002160 
-0.002220 
-0.002340 
-0.002500 
-0.002670 
-0.002820 
-0.002900 
-0.002880 
-0.002770 
-0.002620 
-0.002430 
-0.002200 
-0.001940 
-0.001660 
-0.001360 
-0.001030 
-0.000700 
-0.000330 
0.000120 
0.000610 
0.001090 
0.001480 
0.001780 
0.002000 
0.002130 
0.002180 
0.002220 
0.002260 
0.002310 
0.002400 
0.002580 
0.002870 
0.003230 
0.003600 
0.003930 
0.004150 
0.004180 
0.004000 
0.003660 
0.003170 
0.002600 
0.002010 
0.001430 
0.000850 
0.000280 
-0.000260 
-0.000740 
-0.001210 
-0.001680 
-0.002140 
-0.002550 
-0.002910 
-0.003220 
-0.003450 
-0.003540 
-0.003500 
-0.003390 
-0.003270 
-0.003210 
-0.003250 
-0.003380 
-0.003550 
-0.003740 
-0.003910 
-0.004000 
-0.003900 
-0.003610 
-0.003130 
-0.002500 
-0.001730 
-0.000900 
-0.000110 
0.000600 
0.001260 
0.001860 
0.002350 
0.002690 
0.002880 
0.002990 
0.003060 
0.003110 
0.003160 
0.003160 
0.003090 
0.002960 
0.002790 
0.002620 
0.002490 
0.002420 
0.002400 
0.002360 
0.002280 
0.002200 
0.002140 
0.002050 
0.001860 
0.001530 
0.001080 
0.000520 
-0.000090 
-0.000680 
-0.001210 
-0.001680 
-0.002090 
-0.002390 
-0.002540 
-0.002530 
-0.002410 
-0.002230 
-0.002040 
-0.001860 
-0.001700 
-0.001570 
-0.001480 
-0.001450 
-0.001460 
-0.001510 
-0.001630 
-0.001780 
-0.001900 
-0.001930 
-0.001880 
-0.001810 
-0.001710 
-0.001500 
-0.001170 
-0.000750 
-0.000290 
0.000170 
0.000620 
0.001010 
0.001320 
0.001530 
0.001660 
0.001730 
0.001760 
0.001730 
0.001620 
0.001470 
0.001360 
0.001330 
0.001380 
0.001510 
0.001720 
0.002000 
0.002260 
0.002430 
0.002470 
0.002390 
0.002180 
0.001860 
0.001440 
0.000960 
0.000460 
-0.000020 
-0.000470 
-0.000900 
-0.001310 
-0.001670 
-0.001980 
-0.002250 
-0.002470 
-0.002600 
-0.002650 
-0.002630 
-0.002540 
-0.002400 
-0.002260 
-0.002140 
-0.002090 
-0.002110 
-0.002220 
-0.002390 
-0.002560 
-0.002610 
-0.002460 
-0.002100 
-0.001560 
-0.000920 
-0.000250 
0.000430 
0.001080 
0.001660 
0.002090 
0.002360 
0.002520 
0.002620 
0.002670 
0.002720 
0.002770 
0.002830 
0.002850 
0.002800 
0.002670 
0.002510 
0.002340 
0.002160 
0.001960 
0.001740 
0.001530 
0.001390 
0.001300 
0.001190 
0.000990 
0.000680 
0.000270 
-0.000210 
-0.000780 
-0.001370 
-0.001940 
-0.002450 
-0.002900 
-0.003230 
-0.003410 
-0.003430 
-0.003310 
-0.003090 
-0.002840 
-0.002600 
-0.002380 
-0.002170 
-0.001960 
-0.001770 
-0.001630 
-0.001510 
-0.001400 
-0.001320 
-0.001240 
-0.001130 
-0.000960 
-0.000740 
-0.000470 
-0.000180 
0.000100 
0.000320 
0.000520 
0.000750 
0.001020 
0.001290 
0.001530 
0.001750 
0.001950 
0.002090 
0.002180 
0.002210 
0.002200 
0.002130 
0.002040 
0.001940 
0.001840 
0.001750 
0.001720 
0.001750 
0.001780 
0.001780 
0.001770 
0.001740 
0.001640 
0.001410 
0.001080 
0.000730 
0.000410 
0.000140 
-0.000080 
-0.000270 
-0.000430 
-0.000590 
-0.000720 
-0.000840 
-0.000970 
-0.001100 
-0.001250 
-0.001450 
-0.001690 
-0.001920 
-0.002060 
-0.002110 
-0.002140 
-0.002160 
-0.002160 
-0.002150 
-0.002160 
-0.002170 
-0.002100 
-0.001960 
-0.001750 
-0.001500 
-0.001160 
-0.000740 
-0.000270 
0.000210 
0.000640 
0.000990 
0.001250 
0.001430 
0.001550 
0.001630 
0.001700 
0.001840 
0.002040 
0.002270 
0.002520 
0.002800 
0.003090 
0.003290 
0.003310 
0.003190 
0.002990 
0.002760 
0.002480 
0.002140 
0.001780 
0.001390 
0.000980 
0.000550 
0.000110 
-0.000310 
-0.000690 
-0.001040 
-0.001430 
-0.001850 
-0.002220 
-0.002450 
-0.002550 
-0.002600 
-0.002640 
-0.002650 
-0.002630 
-0.002650 
-0.002710 
-0.002780 
-0.002810 
-0.002780 
-0.002690 
-0.002530 
-0.002300 
-0.001980 
-0.001590 
-0.001190 
-0.000810 
-0.000440 
-0.000070 
0.000310 
0.000670 
0.000990 
0.001290 
0.001590 
0.001860 
0.002070 
0.002280 
0.002490 
0.002660 
0.002700 
0.002630 
0.002510 
0.002410 
0.002350 
0.002310 
0.002240 
0.002150 
0.002040 
0.001900 
0.001710 
0.001500 
0.001300 
0.001110 
0.000860 
0.000540 
0.000230 
-0.000010 
-0.000200 
-0.000410 
-0.000680 
-0.000980 
-0.001250 
-0.001480 
-0.001690 
-0.001900 
-0.002070 
-0.002190 
-0.002270 
-0.002360 
-0.002440 
-0.002510 
-0.002550 
-0.002620 
-0.002720 
-0.002800 
-0.002760 
-0.002600 
-0.002370 
-0.002130 
-0.001900 
-0.001640 
-0.001340 
-0.001050 
-0.000800 
-0.000570 
-0.000330 
-0.000050 
0.000240 
0.000510 
0.000810 
0.001160 
0.001550 
0.001890 
0.002120 
0.002270 
0.002370 
0.002440 
0.002500 
0.002580 
0.002740 
0.002950 
0.003160 
0.003310 
0.003370 
0.003320 
0.003140 
0.002830 
0.002350 
0.001740 
0.001110 
0.000520 
-0.000010 
-0.000460 
-0.000820 
-0.001110 
-0.001390 
-0.001670 
-0.001940 
-0.002180 
-0.002380 
-0.002600 
-0.002830 
-0.003010 
-0.003120 
-0.003120 
-0.003060 
-0.003010 
-0.003020 
-0.003060 
-0.003070 
-0.003030 
-0.002950 
-0.002780 
-0.002510 
-0.002150 
-0.001700 
-0.001160 
-0.000510 
0.000160 
0.000730 
0.001140 
0.001410 
0.001590 
0.001730 
0.001850 
0.001940 
0.001980 
0.001970 
0.001940 
0.001920 
0.001890 
0.001870 
0.001870 
0.001870 
0.001830 
0.001730 
0.001630 
0.001560 
0.001480 
0.001360 
0.001210 
0.001030 
0.000790 
0.000490 
0.000130 
-0.000270 
-0.000710 
-0.001140 
-0.001510 
-0.001800 
-0.002020 
-0.002170 
-0.002230 
-0.002210 
-0.002140 
-0.002040 
-0.001910 
-0.001780 
-0.001680 
-0.001630 
-0.001610 
-0.001630 
-0.001650 
-0.001630 
-0.001530 
-0.001360 
-0.001170 
-0.000980 
-0.000810 
-0.000700 
-0.000640 
-0.000580 
-0.000470 
-0.000360 
-0.000280 
-0.000190 
-0.000050 
0.000190 
0.000510 
0.000890 
0.001300 
0.001660 
0.001930 
0.002080 
0.002110 
0.002050 
0.001960 
0.001860 
0.001770 
0.001690 
0.001660 
0.001730 
0.001860 
0.001940 
0.001950 
0.001890 
0.001790 
0.001610 
0.001360 
0.001080 
0.000830 
0.000580 
0.000310 
0.000030 
-0.000210 
-0.000430 
-0.000650 
-0.000950 
-0.001360 
-0.001850 
-0.002340 
-0.002770 
-0.003130 
-0.003400 
-0.003520 
-0.003480 
-0.003370 
-0.003250 
-0.003110 
-0.002910 
-0.002680 
-0.002520 
-0.002430 
-0.002370 
-0.002240 
-0.002020 
-0.001690 
-0.001250 
-0.000750 
-0.000220 
0.000320 
0.000820 
0.001270 
0.001640 
0.001900 
0.002050 
0.002090 
0.002140 
0.002290 
0.002510 
0.002710 
0.002830 
0.002900 
0.002950 
0.002960 
0.002910 
0.002780 
0.002580 
0.002320 
0.002020 
0.001690 
0.001390 
0.001130 
0.000890 
0.000610 
0.000250 
-0.000160 
-0.000550 
-0.000900 
-0.001210 
-0.001500 
-0.001730 
-0.001850 
-0.001880 
-0.001860 
-0.001810 
-0.001740 
-0.001680 
-0.001700 
-0.001780 
-0.001890 
-0.001940 
-0.001910 
-0.001820 
-0.001720 
-0.001610 
-0.001480 
-0.001340 
-0.001220 
-0.001120 
-0.001010 
-0.000870 
-0.000710 
-0.000530 
-0.000330 
-0.000060 
0.000270 
0.000620 
0.000940 
0.001180 
0.001330 
0.001410 
0.001420 
0.001380 
0.001330 
0.001270 
0.001250 
0.001260 
0.001310 
0.001440 
0.001610 
0.001760 
0.001850 
0.001870 
0.001840 
0.001760 
0.001640 
0.001480 
0.001280 
0.001030 
0.000760 
0.000470 
0.000210 
-0.000030 
-0.000260 
-0.000480 
-0.000730 
-0.001000 
-0.001280 
-0.001510 
-0.001720 
-0.001910 
-0.002090 
-0.002230 
-0.002350 
-0.002430 
-0.002460 
-0.002410 
-0.002310 
-0.002190 
-0.002090 
-0.002000 
-0.001890 
-0.001740 
-0.001550 
-0.001320 
-0.001060 
-0.000740 
-0.000320 
0.000200 
0.000730 
0.001180 
0.001550 
0.001830 
0.002020 
0.002170 
0.002310 
0.002480 
0.002640 
0.002780 
0.002890 
0.003020 
0.003160 
0.003300 
0.003380 
0.003320 
0.003070 
0.002680 
0.002240 
0.001790 
0.001340 
0.000920 
0.000540 
0.000200 
-0.000130 
-0.000460 
-0.000770 
-0.001080 
-0.001430 
-0.001810 
-0.002170 
-0.002460 
-0.002640 
-0.002710 
-0.002680 
-0.002610 
-0.002530 
-0.002430 
-0.002300 
-0.002210 
-0.002160 
-0.002150 
-0.002140 
-0.002140 
-0.002100 
-0.001970 
-0.001710 
-0.001330 
-0.000910 
-0.000460 
-0.000000 
0.000420 
0.000770 
0.001060 
0.001330 
0.001590 
0.001850 
0.002080 
0.002250 
0.002340 
0.002380 
0.002420 
0.002420 
0.002330 
0.002170 
0.002000 
0.001850 
0.001700 
0.001560 
0.001470 
0.001450 
0.001450 
0.001460 
0.001490 
0.001530 
0.001530 
0.001430 
0.001200 
0.000870 
0.000520 
0.000210 
-0.000040 
-0.000310 
-0.000620 
-0.000910 
-0.001130 
-0.001320 
-0.001470 
-0.001550 
-0.001580 
-0.001590 
-0.001640 
-0.001700 
-0.001700 
-0.001640 
-0.001590 
-0.001570 
-0.001590 
-0.001610 
-0.001610 
-0.001600 
-0.001600 
-0.001630 
-0.001670 
-0.001640 
-0.001540 
-0.001350 
-0.001050 
-0.000670 
-0.000270 
0.000080 
0.000390 
0.000720 
0.001050 
0.001310 
0.001470 
0.001590 
0.001710 
0.001820 
0.001910 
0.002010 
0.002120 
0.002230 
0.002300 
0.002290 
0.002200 
0.002060 
0.001910 
0.001750 
0.001550 
0.001330 
0.001140 
0.000970 
0.000790 
0.000580 
0.000360 
0.000130 
-0.000120 
-0.000430 
-0.000760 
-0.001070 
-0.001330 
-0.001570 
-0.001800 
-0.002000 
-0.002140 
-0.002220 
-0.002230 
-0.002210 
-0.002170 
-0.002100 
-0.002000 
-0.001890 
-0.001750 
-0.001540 
-0.001250 
-0.000910 
-0.000560 
-0.000220 
0.000120 
0.000440 
0.000710 
0.000950 
0.001150 
0.001310 
0.001410 
0.001470 
0.001520 
0.001590 
0.001710 
0.001830 
0.001940 
0.002050 
0.002180 
0.002280 
0.002300 
0.002220 
0.002100 
0.001980 
0.001830 
0.001630 
0.001390 
0.001160 
0.000910 
0.000600 
0.000210 
-0.000210 
-0.000570 
-0.000840 
-0.001050 
-0.001250 
-0.001430 
-0.001550 
-0.001610 
-0.001640 
-0.001670 
-0.001670 
-0.001630 
-0.001630 
-0.001690 
-0.001820 
-0.001930 
-0.002000 
-0.002070 
-0.002140 
-0.002190 
-0.002160 
-0.002050 
-0.001870 
-0.001660 
-0.001460 
-0.001260 
-0.001020 
-0.000770 
-0.000510 
-0.000240 
0.000020 
0.000270 
0.000470 
0.000660 
0.000880 
0.001160 
0.001440 
0.001680 
0.001880 
0.002020 
0.002080 
0.002090 
0.002090 
0.002130 
0.002180 
0.002220 
0.002260 
0.002290 
0.002300 
0.002300 
0.002260 
0.002140 
0.001920 
0.001630 
0.001280 
0.000850 
0.000360 
-0.000090 
-0.000440 
-0.000710 
-0.000950 
-0.001160 
-0.001300 
-0.001410 
-0.001570 
-0.001790 
-0.002070 
-0.002350 
-0.002580 
-0.002700 
-0.002720 
-0.002660 
-0.002540 
-0.002340 
-0.002110 
-0.001890 
-0.001670 
-0.001440 
-0.001210 
-0.001040 
-0.000910 
-0.000710 
-0.000370 
0.000080 
0.000570 
0.001030 
0.001420 
0.001750 
0.002030 
0.002240 
0.002360 
0.002370 
0.002340 
0.002330 
0.002350 
0.002400 
0.002490 
0.002630 
0.002750 
0.002760 
0.002650 
0.002460 
0.002210 
0.001870 
0.001470 
0.001020 
0.000550 
0.000100 
-0.000270 
-0.000550 
-0.000790 
-0.001010 
-0.001210 
-0.001400 
-0.001570 
-0.001710 
-0.001800 
-0.001840 
-0.001850 
-0.001840 
-0.001780 
-0.001660 
-0.001540 
-0.001430 
-0.001340 
-0.001280 
-0.001290 
-0.001330 
-0.001340 
-0.001280 
-0.001160 
-0.000980 
-0.000740 
-0.000450 
-0.000120 
0.000230 
0.000540 
0.000790 
0.000980 
0.001130 
0.001230 
0.001270 
0.001260 
0.001260 
0.001320 
0.001390 
0.001420 
0.001400 
0.001360 
0.001300 
0.001200 
0.001080 
0.000960 
0.000850 
0.000770 
0.000720 
0.000740 
0.000820 
0.000930 
0.001010 
0.000990 
0.000860 
0.000650 
0.000410 
0.000160 
-0.000110 
-0.000380 
-0.000600 
-0.000760 
-0.000880 
-0.000970 
-0.001060 
-0.001190 
-0.001420 
-0.001720 
-0.002020 
-0.002240 
-0.002350 
-0.002350 
-0.002260 
-0.002090 
-0.001830 
-0.001520 
-0.001200 
-0.000950 
-0.000810 
-0.000790 
-0.000890 
-0.001050 
-0.001150 
-0.001120 
-0.000930 
-0.000630 
-0.000270 
0.000180 
0.000700 
0.001210 
0.001630 
0.001920 
0.002100 
0.002210 
0.002280 
0.002340 
0.002420 
0.002520 
0.002620 
0.002680 
0.002650 
0.002520 
0.002290 
0.001990 
0.001610 
0.001180 
0.000750 
0.000420 
0.000210 
0.000110 
0.000090 
0.000120 
0.000140 
0.000130 
0.000040 
-0.000170 
-0.000500 
-0.000900 
-0.001340 
-0.001770 
-0.002170 
-0.002480 
-0.002650 
-0.002660 
-0.002560 
-0.002380 
-0.002150 
-0.001900 
-0.001640 
-0.001380 
-0.001150 
-0.000950 
-0.000750 
-0.000540 
-0.000330 
-0.000120 
0.000080 
0.000290 
0.000470 
0.000580 
0.000610 
0.000590 
0.000530 
0.000460 
0.000400 
0.000410 
0.000500 
0.000670 
0.000880 
0.001110 
0.001330 
0.001470 
0.001520 
0.001450 
0.001250 
0.000940 
0.000610 
0.000300 
0.000030 
-0.000200 
-0.000350 
-0.000430 
-0.000450 
-0.000460 
-0.000430 
-0.000370 
-0.000340 
-0.000390 
-0.000490 
-0.000600 
-0.000680 
-0.000710 
-0.000710 
-0.000690 
-0.000710 
-0.000770 
-0.000850 
-0.000970 
-0.001130 
-0.001310 
-0.001470 
-0.001590 
-0.001660 
-0.001680 
-0.001590 
-0.001430 
-0.001240 
-0.001080 
-0.000910 
-0.000710 
-0.000500 
-0.000310 
-0.000180 
-0.000110 
-0.000080 
-0.000000 
0.000150 
0.000360 
0.000620 
0.000910 
0.001240 
0.001540 
0.001800 
0.002030 
0.002250 
0.002430 
0.002530 
0.002580 
0.002610 
0.002600 
0.002540 
0.002420 
0.002250 
0.002010 
0.001740 
0.001460 
0.001180 
0.000900 
0.000640 
0.000430 
0.000270 
0.000110 
-0.000060 
-0.000220 
-0.000410 
-0.000670 
-0.001010 
-0.001400 
-0.001790 
-0.002180 
-0.002530 
-0.002770 
-0.002880 
-0.002870 
-0.002780 
-0.002620 
-0.002450 
-0.002280 
-0.002110 
-0.001920 
-0.001710 
-0.001500 
-0.001260 
-0.000990 
-0.000690 
-0.000380 
-0.000060 
0.000270 
0.000540 
0.000720 
0.000810 
0.000890 
0.000980 
0.001110 
0.001300 
0.001530 
0.001770 
0.002000 
0.002190 
0.002310 
0.002320 
0.002200 
0.001960 
0.001620 
0.001230 
0.000830 
0.000490 
0.000220 
-0.000000 
-0.000170 
-0.000260 
-0.000270 
-0.000250 
-0.000220 
-0.000230 
-0.000300 
-0.000450 
-0.000610 
-0.000750 
-0.000860 
-0.000970 
-0.001080 
-0.001180 
-0.001260 
-0.001340 
-0.001370 
-0.001350 
-0.001290 
-0.001240 
-0.001200 
-0.001160 
-0.001120 
-0.001050 
-0.000960 
-0.000860 
-0.000810 
-0.000780 
-0.000740 
-0.000670 
-0.000590 
-0.000530 
-0.000450 
-0.000340 
-0.000220 
-0.000100 
0.000020 
0.000150 
0.000280 
0.000370 
0.000440 
0.000520 
0.000620 
0.000760 
0.000890 
0.000960 
0.000990 
0.001000 
0.001000 
0.000990 
0.001000 
0.001060 
0.001150 
0.001210 
0.001210 
0.001150 
0.001090 
0.001010 
0.000870 
0.000620 
0.000300 
-0.000030 
-0.000310 
-0.000520 
-0.000680 
-0.000800 
-0.000890 
-0.000980 
-0.001120 
-0.001300 
-0.001480 
-0.001650 
-0.001830 
-0.002030 
-0.002200 
-0.002280 
-0.002270 
-0.002190 
-0.002070 
-0.001910 
-0.001710 
-0.001510 
-0.001330 
-0.001160 
-0.000980 
-0.000780 
-0.000580 
-0.000410 
-0.000230 
0.000010 
0.000340 
0.000700 
0.001000 
0.001220 
0.001420 
0.001600 
0.001740 
0.001850 
0.001950 
0.002040 
0.002070 
0.002030 
0.001940 
0.001810 
0.001650 
0.001420 
0.001090 
0.000700 
0.000310 
-0.000020 
-0.000270 
-0.000470 
-0.000590 
-0.000610 
-0.000550 
-0.000500 
-0.000510 
-0.000570 
-0.000660 
-0.000810 
-0.001060 
-0.001370 
-0.001630 
-0.001810 
-0.001900 
-0.001910 
-0.001890 
-0.001830 
-0.001710 
-0.001540 
-0.001360 
-0.001200 
-0.001040 
-0.000860 
-0.000680 
-0.000530 
-0.000350 
-0.000130 
0.000090 
0.000250 
0.000320 
0.000320 
0.000260 
0.000140 
-0.000000 
-0.000110 
-0.000170 
-0.000140 
-0.000000 
0.000240 
0.000540 
0.000850 
0.001140 
0.001380 
0.001500 
0.001490 
0.001370 
0.001200 
0.001000 
0.000780 
0.000560 
0.000370 
0.000220 
0.000140 
0.000140 
0.000180 
0.000190 
0.000170 
0.000150 
0.000150 
0.000160 
0.000170 
0.000170 
0.000130 
0.000030 
-0.000110 
-0.000270 
-0.000440 
-0.000630 
-0.000840 
-0.001060 
-0.001270 
-0.001460 
-0.001600 
-0.001640 
-0.001610 
-0.001530 
-0.001420 
-0.001260 
-0.001070 
-0.000850 
-0.000590 
-0.000330 
-0.000130 
-0.000010 
0.000070 
0.000150 
0.000230 
0.000340 
0.000500 
0.000690 
0.000900 
0.001090 
0.001310 
0.001560 
0.001780 
0.001930 
0.001990 
0.001970 
0.001890 
0.001790 
0.001690 
0.001570 
0.001420 
0.001260 
0.001120 
0.000940 
0.000700 
0.000400 
0.000090 
-0.000230 
-0.000560 
-0.000870 
-0.001080 
-0.001200 
-0.001250 
-0.001280 
-0.001330 
-0.001430 
-0.001560 
-0.001710 
-0.001870 
-0.002030 
-0.002170 
-0.002250 
-0.002240 
-0.002140 
-0.001930 
-0.001620 
-0.001250 
-0.000910 
-0.000620 
-0.000350 
-0.000080 
0.000190 
0.000450 
0.000700 
0.000960 
0.001210 
0.001410 
0.001560 
0.001650 
0.001660 
0.001620 
0.001530 
0.001430 
0.001360 
0.001360 
0.001470 
0.001650 
0.001860 
0.002090 
0.002290 
0.002370 
0.002310 
0.002110 
0.001800 
0.001390 
0.000870 
0.000310 
-0.000180 
-0.000520 
-0.000710 
-0.000780 
-0.000770 
-0.000700 
-0.000590 
-0.000480 
-0.000400 
-0.000330 
-0.000260 
-0.000190 
-0.000160 
-0.000180 
-0.000240 
-0.000310 
-0.000400 
-0.000560 
-0.000810 
-0.001110 
-0.001400 
-0.001640 
-0.001820 
-0.001910 
-0.001880 
-0.001730 
-0.001450 
-0.001050 
-0.000560 
-0.000020 
0.000460 
0.000770 
0.000850 
0.000760 
0.000580 
0.000380 
0.000180 
-0.000000 
-0.000120 
-0.000150 
-0.000060 
0.000140 
0.000420 
0.000740 
0.001060 
0.001380 
0.001680 
0.001940 
0.002120 
0.002240 
0.002310 
0.002330 
0.002290 
0.002190 
0.002000 
0.001720 
0.001350 
0.000920 
0.000480 
0.000030 
-0.000370 
-0.000670 
-0.000810 
-0.000820 
-0.000750 
-0.000630 
-0.000510 
-0.000450 
-0.000450 
-0.000530 
-0.000700 
-0.000980 
-0.001320 
-0.001680 
-0.002010 
-0.002260 
-0.002370 
-0.002330 
-0.002170 
-0.001920 
-0.001630 
-0.001290 
-0.000920 
-0.000540 
-0.000170 
0.000180 
0.000470 
0.000720 
0.000950 
0.001170 
0.001360 
0.001510 
0.001630 
0.001700 
0.001670 
0.001580 
0.001510 
0.001500 
0.001490 
0.001460 
0.001440 
0.001500 
0.001640 
0.001830 
0.001980 
0.002000 
0.001880 
0.001660 
0.001360 
0.000990 
0.000590 
0.000220 
-0.000090 
-0.000350 
-0.000570 
-0.000690 
-0.000660 
-0.000530 
-0.000410 
-0.000370 
-0.000390 
-0.000440 
-0.000510 
-0.000580 
-0.000630 
-0.000660 
-0.000690 
-0.000740 
-0.000820 
-0.000930 
-0.001050 
-0.001140 
-0.001240 
-0.001350 
-0.001410 
-0.001350 
-0.001150 
-0.000870 
-0.000580 
-0.000270 
0.000040 
0.000290 
0.000440 
0.000480 
0.000410 
0.000240 
0.000020 
-0.000170 
-0.000240 
-0.000180 
0.000010 
0.000290 
0.000620 
0.000960 
0.001320 
0.001670 
0.001960 
0.002190 
0.002390 
0.002580 
0.002690 
0.002670 
0.002560 
0.002420 
0.002250 
0.002000 
0.001680 
0.001360 
0.001070 
0.000850 
0.000700 
0.000640 
0.000630 
0.000660 
0.000700 
0.000700 
0.000620 
0.000460 
0.000210 
-0.000130 
-0.000580 
-0.001100 
-0.001600 
-0.002040 
-0.002410 
-0.002690 
-0.002860 
-0.002910 
-0.002870 
-0.002740 
-0.002520 
-0.002200 
-0.001860 
-0.001520 
-0.001230 
-0.000970 
-0.000730 
-0.000500 
-0.000270 
-0.000090 
-0.000010 
0.000030 
0.000080 
0.000200 
0.000360 
0.000560 
0.000760 
0.000950 
0.001140 
0.001370 
0.001630 
0.001880 
0.002060 
0.002160 
0.002180 
0.002090 
0.001890 
0.001640 
0.001360 
0.001060 
0.000740 
0.000440 
0.000200 
0.000050 
-0.000000 
-0.000000 
0.000020 
-0.000000 
-0.000050 
-0.000110 
-0.000180 
-0.000280 
-0.000390 
-0.000490 
-0.000580 
-0.000650 
-0.000660 
-0.000610 
-0.000510 
-0.000440 
-0.000400 
-0.000400 
-0.000410 
-0.000410 
-0.000380 
-0.000330 
-0.000270 
-0.000180 
-0.000060 
0.000080 
0.000200 
0.000270 
0.000280 
0.000210 
0.000080 
-0.000090 
-0.000250 
-0.000370 
-0.000430 
-0.000420 
-0.000340 
-0.000210 
-0.000040 
0.000160 
0.000370 
0.000550 
0.000660 
0.000720 
0.000720 
0.000670 
0.000590 
0.000500 
0.000410 
0.000310 
0.000210 
0.000120 
0.000070 
0.000080 
0.000120 
0.000180 
0.000270 
0.000380 
0.000510 
0.000650 
0.000750 
0.000800 
0.000780 
0.000660 
0.000420 
0.000070 
-0.000310 
-0.000640 
-0.000910 
-0.001150 
-0.001350 
-0.001490 
-0.001550 
-0.001510 
-0.001360 
-0.001120 
-0.000840 
-0.000560 
-0.000340 
-0.000220 
-0.000150 
-0.000100 
-0.000040 
-0.000040 
-0.000110 
-0.000200 
-0.000200 
-0.000110 
0.000020 
0.000160 
0.000330 
0.000550 
0.000780 
0.000990 
0.001170 
0.001340 
0.001490 
0.001590 
0.001610 
0.001560 
0.001480 
0.001410 
0.001320 
0.001100 
0.000750 
0.000350 
-0.000010 
-0.000320 
-0.000570 
-0.000720 
-0.000770 
-0.000750 
-0.000710 
-0.000640 
-0.000520 
-0.000410 
-0.000370 
-0.000430 
-0.000600 
-0.000840 
-0.001070 
-0.001260 
-0.001420 
-0.001550 
-0.001600 
-0.001530 
-0.001360 
-0.001170 
-0.000980 
-0.000770 
-0.000550 
-0.000360 
-0.000190 
-0.000020 
0.000150 
0.000310 
0.000450 
0.000560 
0.000620 
0.000630 
0.000590 
0.000530 
0.000450 
0.000370 
0.000290 
0.000240 
0.000190 
0.000190 
0.000260 
0.000410 
0.000540 
0.000620 
0.000650 
0.000640 
0.000580 
0.000440 
0.000260 
0.000090 
-0.000070 
-0.000220 
-0.000320 
-0.000360 
-0.000330 
-0.000260 
-0.000140 
-0.000050 
-0.000010 
-0.000010 
-0.000000 
-0.000000 
-0.000060 
-0.000180 
-0.000330 
-0.000470 
-0.000600 
-0.000690 
-0.000740 
-0.000810 
-0.000930 
-0.001070 
-0.001190 
-0.001260 
-0.001260 
-0.001210 
-0.001130 
-0.001040 
-0.000950 
-0.000820 
-0.000610 
-0.000400 
-0.000240 
-0.000140 
-0.000090 
-0.000050 
-0.000030 
-0.000010 
0.000010 
0.000050 
0.000130 
0.000280 
0.000480 
0.000710 
0.000960 
0.001220 
0.001450 
0.001620 
0.001740 
0.001870 
0.002000 
0.002100 
0.002110 
0.002020 
0.001840 
0.001560 
0.001220 
0.000870 
0.000520 
0.000170 
-0.000140 
-0.000390 
-0.000570 
-0.000660 
-0.000690 
-0.000680 
-0.000670 
-0.000700 
-0.000780 
-0.000920 
-0.001120 
-0.001370 
-0.001600 
-0.001790 
-0.001930 
-0.002030 
-0.002060 
-0.002000 
-0.001860 
-0.001660 
-0.001430 
-0.001170 
-0.000910 
-0.000620 
-0.000300 
0.000040 
0.000380 
0.000700 
0.000970 
0.001190 
0.001360 
0.001500 
0.001590 
0.001570 
0.001430 
0.001210 
0.001010 
0.000900 
0.000870 
0.000890 
0.000960 
0.001050 
0.001170 
0.001290 
0.001390 
0.001410 
0.001310 
0.001090 
0.000770 
0.000400 
0.000050 
-0.000220 
-0.000380 
-0.000480 
-0.000530 
-0.000550 
-0.000520 
-0.000470 
-0.000410 
-0.000400 
-0.000450 
-0.000560 
-0.000660 
-0.000690 
-0.000620 
-0.000480 
-0.000320 
-0.000190 
-0.000120 
-0.000120 
-0.000150 
