0.000210 
0.000680 
0.001250 
0.001870 
0.002540 
0.003170 
0.003400 
0.002650 
0.000510 
-0.002610 
-0.005160 
-0.005210 
-0.001960 
0.003230 
0.007630 
0.008730 
0.005560 
-0.000810 
-0.007810 
-0.012750 
-0.014040 
-0.011610 
-0.007060 
-0.003180 
-0.002330 
-0.004970 
-0.009540 
-0.013340 
-0.013840 
-0.010270 
-0.004130 
0.001780 
0.004930 
0.004190 
0.000450 
-0.003810 
-0.006030 
-0.005070 
-0.001700 
0.001870 
0.003270 
0.001370 
-0.003020 
-0.007660 
-0.010060 
-0.008780 
-0.004290 
0.001280 
0.005340 
0.006250 
0.004130 
0.000620 
-0.002110 
-0.002600 
-0.000810 
0.002030 
0.004180 
0.004300 
0.002240 
-0.000980 
-0.003730 
-0.004620 
-0.003240 
-0.000330 
0.002660 
0.004400 
0.004290 
0.002660 
0.000570 
-0.000830 
-0.000880 
0.000260 
0.001770 
0.002610 
0.002180 
0.000640 
-0.001240 
-0.002480 
-0.002420 
-0.001040 
0.001020 
0.002820 
0.003610 
0.003190 
0.002000 
0.000810 
0.000270 
0.000650 
0.001640 
0.002610 
0.002960 
0.002420 
0.001250 
0.000040 
-0.000590 
-0.000330 
0.000660 
0.001850 
0.002630 
0.002610 
0.001830 
0.000720 
-0.000150 
-0.000400 
0.000020 
0.000780 
0.001400 
0.001500 
0.001050 
0.000300 
-0.000280 
-0.000360 
0.000120 
0.000920 
0.001620 
0.001850 
0.001470 
0.000670 
-0.000170 
-0.000660 
-0.000600 
-0.000100 
0.000530 
0.000930 
0.000890 
0.000470 
-0.000080 
-0.000440 
-0.000400 
-0.000000 
0.000560 
0.000960 
0.000980 
0.000610 
0.000040 
-0.000420 
-0.000550 
-0.000280 
0.000230 
0.000710 
0.000940 
0.000830 
0.000480 
0.000130 
-0.000020 
0.000130 
0.000490 
0.000850 
0.001020 
0.000900 
0.000560 
0.000200 
0.000030 
0.000150 
0.000520 
0.000990 
0.001350 
0.001490 
0.001400 
0.001230 
0.001110 
0.001160 
0.001380 
0.001640 
0.001780 
0.001690 
0.001390 
0.001000 
0.000680 
0.000580 
0.000700 
0.000950 
0.001160 
0.001230 
0.001120 
0.000920 
0.000750 
0.000710 
0.000830 
0.001030 
0.001210 
0.001270 
0.001170 
0.000950 
0.000700 
0.000510 
0.000440 
0.000460 
0.000510 
0.000490 
0.000380 
0.000170 
-0.000060 
-0.000230 
-0.000270 
-0.000160 
0.000030 
0.000210 
0.000310 
0.000290 
0.000190 
0.000070 
-0.000010 
-0.000010 
0.000060 
0.000130 
0.000170 
0.000160 
0.000110 
0.000080 
0.000100 
0.000190 
0.000340 
0.000510 
0.000650 
0.000720 
0.000730 
0.000670 
0.000590 
0.000500 
0.000450 
0.000440 
0.000480 
0.000580 
0.000680 
0.000770 
0.000840 
0.000910 
0.000990 
0.001130 
0.001290 
0.001430 
0.001500 
0.001470 
0.001350 
0.001180 
0.001010 
0.000880 
0.000780 
0.000700 
0.000640 
0.000610 
0.000600 
0.000640 
0.000720 
0.000850 
0.000980 
0.001080 
0.001100 
0.001030 
0.000860 
0.000630 
0.000390 
0.000190 
0.000070 
0.000030 
0.000030 
0.000010 
-0.000030 
-0.000080 
-0.000100 
-0.000070 
0.000010 
0.000100 
0.000140 
0.000080 
-0.000060 
-0.000230 
-0.000380 
-0.000450 
-0.000440 
-0.000390 
-0.000340 
-0.000310 
-0.000330 
-0.000360 
-0.000380 
-0.000360 
-0.000280 
-0.000170 
-0.000050 
0.000030 
0.000060 
0.000050 
0.000040 
0.000050 
0.000110 
0.000220 
0.000360 
0.000480 
0.000550 
0.000570 
0.000550 
0.000530 
0.000510 
0.000530 
0.000560 
0.000590 
0.000610 
0.000620 
0.000630 
0.000660 
0.000730 
0.000830 
0.000920 
0.000990 
0.001000 
0.000980 
0.000950 
0.000930 
0.000910 
0.000900 
0.000880 
0.000840 
0.000790 
0.000760 
0.000740 
0.000740 
0.000750 
0.000760 
0.000750 
0.000720 
0.000650 
0.000540 
0.000410 
0.000270 
0.000140 
0.000050 
0.000010 
-0.000010 
-0.000030 
-0.000060 
-0.000090 
-0.000100 
-0.000080 
-0.000040 
-0.000020 
-0.000050 
-0.000130 
-0.000260 
-0.000380 
-0.000470 
-0.000520 
-0.000520 
-0.000500 
-0.000470 
-0.000430 
-0.000370 
-0.000270 
-0.000130 
0.000030 
0.000160 
0.000260 
0.000310 
0.000320 
0.000310 
0.000290 
0.000280 
0.000270 
0.000250 
0.000240 
0.000240 
0.000280 
0.000350 
0.000460 
0.000570 
0.000660 
0.000700 
0.000710 
0.000700 
0.000690 
0.000680 
0.000670 
0.000670 
0.000670 
0.000670 
0.000690 
0.000730 
0.000780 
0.000820 
0.000860 
0.000890 
0.000900 
0.000870 
0.000810 
0.000710 
0.000580 
0.000430 
0.000300 
0.000210 
0.000150 
0.000130 
0.000110 
0.000090 
0.000060 
0.000040 
0.000020 
0.000020 
0.000020 
-0.000000 
-0.000030 
-0.000080 
-0.000150 
-0.000200 
-0.000230 
-0.000230 
-0.000190 
-0.000140 
-0.000090 
-0.000070 
-0.000090 
-0.000150 
-0.000230 
-0.000310 
-0.000360 
-0.000380 
-0.000360 
-0.000330 
-0.000300 
-0.000250 
-0.000190 
-0.000110 
-0.000020 
0.000080 
0.000170 
0.000230 
0.000260 
0.000280 
0.000300 
0.000320 
0.000320 
0.000320 
0.000310 
0.000300 
0.000320 
0.000380 
0.000450 
0.000520 
0.000560 
0.000550 
0.000520 
0.000460 
0.000400 
0.000330 
0.000250 
0.000170 
0.000100 
0.000050 
0.000030 
0.000040 
0.000070 
0.000110 
0.000150 
0.000190 
0.000220 
0.000250 
0.000250 
0.000190 
0.000090 
-0.000040 
-0.000170 
-0.000270 
-0.000310 
-0.000310 
-0.000270 
-0.000230 
-0.000200 
-0.000150 
-0.000090 
-0.000010 
0.000050 
0.000090 
0.000090 
0.000060 
0.000010 
-0.000040 
-0.000100 
-0.000170 
-0.000230 
-0.000280 
-0.000300 
-0.000270 
-0.000200 
-0.000120 
-0.000040 
-0.000010 
-0.000020 
-0.000050 
-0.000080 
-0.000110 
-0.000130 
-0.000150 
-0.000170 
-0.000180 
-0.000170 
-0.000130 
-0.000090 
-0.000070 
-0.000060 
-0.000070 
-0.000080 
-0.000080 
-0.000060 
-0.000040 
-0.000020 
-0.000020 
-0.000010 
0.000020 
0.000060 
0.000110 
0.000160 
0.000190 
0.000200 
0.000190 
0.000190 
0.000190 
0.000200 
0.000210 
0.000230 
0.000260 
0.000300 
0.000350 
0.000410 
0.000440 
0.000460 
0.000460 
0.000460 
0.000460 
0.000460 
0.000430 
0.000370 
