-0.004180 
-0.005800 
-0.006430 
-0.006040 
-0.005270 
-0.004990 
-0.005260 
-0.005210 
-0.004040 
-0.002000 
-0.000150 
0.000680 
0.000520 
-0.000130 
-0.001030 
-0.002240 
-0.003450 
-0.003990 
-0.003680 
-0.003370 
-0.003690 
-0.003880 
-0.002620 
0.000080 
0.002560 
0.003640 
0.003870 
0.004260 
0.004570 
0.003770 
0.001910 
0.000420 
0.000330 
0.000940 
0.000950 
0.000320 
0.000140 
0.000900 
0.001750 
0.001880 
0.001800 
0.002470 
0.003600 
0.003920 
0.002910 
0.001550 
0.001050 
0.001350 
0.001300 
0.000270 
-0.001130 
-0.001940 
-0.002090 
-0.002210 
-0.002420 
-0.002050 
-0.000870 
0.000110 
-0.000250 
-0.001690 
-0.002770 
-0.002780 
-0.002510 
-0.002910 
-0.003650 
-0.003700 
-0.002940 
-0.002280 
-0.002160 
-0.001800 
-0.000470 
0.001120 
0.001570 
0.000700 
-0.000270 
-0.000320 
0.000120 
0.000060 
-0.000510 
-0.000740 
-0.000290 
0.000220 
0.000310 
0.000500 
0.001580 
0.003320 
0.004580 
0.004750 
0.004460 
0.004460 
0.004590 
0.004050 
0.002690 
0.001290 
0.000490 
0.000030 
-0.000720 
-0.001630 
-0.001920 
-0.001170 
0.000070 
0.001090 
0.001860 
0.002720 
0.003470 
0.003380 
0.002250 
0.000850 
-0.000020 
-0.000600 
-0.001680 
-0.003350 
-0.004720 
-0.005000 
-0.004410 
-0.003670 
-0.003040 
-0.002190 
-0.000970 
0.000170 
0.000840 
0.001220 
0.001770 
0.002390 
0.002400 
0.001400 
-0.000170 
-0.001530 
-0.002410 
-0.003000 
-0.003350 
-0.003150 
-0.002210 
-0.000820 
0.000490 
0.001510 
0.002440 
0.003410 
0.004200 
0.004440 
0.004080 
0.003370 
0.002490 
0.001410 
0.000280 
-0.000490 
-0.000670 
-0.000500 
-0.000480 
-0.000690 
-0.000730 
-0.000280 
0.000510 
0.001300 
0.001940 
0.002460 
0.002720 
0.002440 
0.001540 
0.000410 
-0.000480 
-0.001060 
-0.001550 
-0.002090 
-0.002460 
-0.002520 
-0.002360 
-0.002130 
-0.001740 
-0.001040 
-0.000240 
0.000150 
-0.000100 
-0.000700 
-0.001110 
-0.001050 
-0.000730 
-0.000490 
-0.000500 
-0.000710 
-0.000980 
-0.001150 
-0.001050 
-0.000550 
0.000190 
0.000790 
0.000910 
0.000670 
0.000500 
0.000660 
0.001010 
0.001230 
0.001250 
0.001220 
0.001250 
0.001240 
0.001170 
0.001200 
0.001470 
0.001870 
0.002110 
0.002060 
0.001790 
0.001400 
0.000860 
0.000200 
-0.000370 
-0.000620 
-0.000640 
-0.000760 
-0.001090 
-0.001340 
-0.001120 
-0.000380 
0.000490 
0.001030 
0.001060 
0.000710 
0.000140 
-0.000520 
-0.001110 
-0.001500 
-0.001780 
-0.002150 
-0.002700 
-0.003150 
-0.003090 
-0.002400 
-0.001330 
-0.000280 
0.000440 
0.000840 
0.001210 
0.001710 
0.002240 
0.002660 
0.003120 
0.003720 
0.004070 
0.003680 
0.002820 
0.002340 
0.002590 
0.002970 
0.002710 
0.001710 
0.000380 
-0.000950 
-0.002180 
-0.003100 
-0.003350 
-0.002850 
-0.002240 
-0.002340 
-0.003270 
-0.004140 
-0.003950 
-0.002620 
-0.001060 
-0.000140 
-0.000030 
-0.000280 
-0.000460 
-0.000520 
-0.000540 
-0.000400 
-0.000070 
0.000010 
-0.000610 
-0.001610 
-0.001950 
-0.001160 
-0.000000 
0.000500 
0.000430 
0.000630 
0.001200 
0.001290 
0.000480 
-0.000320 
0.000050 
0.001320 
0.002030 
0.001380 
0.000120 
-0.000630 
-0.000790 
-0.000930 
-0.001110 
-0.000780 
0.000010 
0.000350 
-0.000320 
-0.001230 
-0.001110 
0.000230 
0.001570 
0.001780 
0.001020 
0.000290 
0.000130 
0.000120 
-0.000100 
-0.000180 
0.000330 
0.000970 
0.000720 
-0.000650 
-0.002040 
-0.002320 
-0.001630 
-0.000990 
-0.000860 
-0.000750 
-0.000240 
0.000140 
-0.000190 
-0.000710 
-0.000350 
0.000860 
0.001640 
0.001050 
-0.000270 
-0.001000 
-0.000840 
-0.000580 
-0.000800 
-0.001220 
-0.001380 
-0.001460 
-0.001860 
-0.002250 
-0.001870 
-0.000540 
0.000910 
0.001590 
0.001570 
0.001570 
0.001820 
0.001780 
0.001070 
0.000230 
-0.000040 
0.000150 
-0.000020 
-0.000940 
-0.001950 
-0.002130 
-0.001370 
-0.000310 
0.000570 
0.001290 
0.001930 
0.002190 
0.001840 
0.001290 
0.001200 
0.001560 
0.001590 
0.000760 
-0.000470 
-0.001210 
-0.001220 
-0.001080 
-0.001250 
-0.001550 
-0.001520 
-0.001190 
-0.000940 
-0.000820 
-0.000470 
0.000320 
0.001150 
0.001490 
0.001280 
0.000870 
0.000510 
0.000130 
-0.000360 
-0.000800 
-0.000910 
-0.000620 
-0.000300 
-0.000370 
-0.000740 
-0.000810 
-0.000260 
0.000580 
0.001150 
0.001280 
0.001120 
0.000840 
0.000530 
0.000350 
0.000350 
0.000370 
0.000120 
-0.000490 
-0.001180 
-0.001560 
-0.001470 
-0.001090 
-0.000590 
-0.000010 
0.000580 
0.000930 
0.000820 
0.000360 
-0.000050 
-0.000220 
-0.000200 
-0.000130 
-0.000120 
-0.000280 
-0.000650 
-0.001020 
-0.001070 
-0.000680 
-0.000060 
0.000380 
0.000360 
-0.000060 
-0.000500 
-0.000580 
-0.000190 
0.000390 
0.000750 
0.000670 
0.000260 
-0.000130 
-0.000210 
0.000080 
0.000560 
0.000980 
0.001100 
0.000820 
0.000300 
-0.000120 
-0.000250 
-0.000200 
-0.000120 
-0.000050 
0.000070 
0.000170 
0.000110 
-0.000040 
-0.000090 
0.000130 
0.000540 
0.000910 
0.001010 
0.000720 
0.000110 
-0.000540 
-0.000860 
-0.000770 
-0.000540 
-0.000580 
-0.000960 
-0.001360 
-0.001380 
-0.000870 
-0.000030 
0.000760 
0.001190 
0.001190 
0.000920 
0.000620 
0.000450 
0.000430 
0.000410 
0.000240 
-0.000160 
-0.000680 
-0.001110 
-0.001350 
-0.001440 
-0.001350 
-0.001000 
-0.000310 
0.000500 
0.001120 
0.001340 
0.001300 
0.001250 
0.001240 
0.001060 
0.000580 
-0.000100 
-0.000730 
-0.001160 
-0.001360 
-0.001280 
-0.000870 
-0.000320 
0.000040 
0.000050 
-0.000060 
0.000030 
0.000430 
0.000890 
0.001080 
0.000880 
0.000480 
0.000100 
-0.000210 
-0.000570 
-0.000980 
-0.001280 
-0.001320 
-0.001130 
-0.000850 
-0.000600 
-0.000420 
-0.000280 
-0.000140 
0.000100 
0.000420 
0.000660 
0.000590 
0.000160 
-0.000320 
-0.000550 
-0.000460 
-0.000280 
-0.000260 
-0.000420 
-0.000600 
-0.000710 
-0.000720 
-0.000630 
-0.000430 
-0.000180 
0.000010 
0.000030 
-0.000010 
0.000010 
0.000090 
0.000140 
0.000110 
0.000080 
0.000100 
0.000110 
-0.000010 
-0.000280 
-0.000550 
-0.000670 
-0.000610 
-0.000500 
-0.000490 
-0.000620 
-0.000760 
-0.000780 
-0.000640 
-0.000370 
-0.000080 
0.000090 
0.000040 
-0.000190 
-0.000380 
-0.000320 
-0.000020 
0.000260 
0.000230 
-0.000180 
-0.000770 
-0.001250 
-0.001450 
-0.001390 
-0.001140 
-0.000720 
-0.000210 
0.000270 
0.000580 
0.000730 
0.000800 
0.000840 
0.000860 
0.000810 
0.000640 
0.000280 
-0.000230 
-0.000770 
-0.001140 
-0.001230 
-0.001120 
-0.000940 
-0.000820 
-0.000740 
-0.000520 
-0.000020 
0.000670 
0.001260 
0.001440 
0.001120 
0.000500 
-0.000130 
-0.000580 
-0.000830 
-0.000930 
-0.000970 
-0.001010 
-0.001030 
-0.000990 
-0.000810 
-0.000500 
-0.000110 
0.000300 
0.000650 
0.000870 
0.000920 
0.000830 
0.000650 
0.000460 
0.000290 
0.000130 
-0.000080 
-0.000390 
-0.000770 
-0.001090 
-0.001220 
-0.001080 
-0.000670 
-0.000160 
0.000230 
0.000380 
0.000350 
0.000370 
0.000590 
0.000900 
0.001050 
0.000870 
0.000420 
-0.000030 
-0.000340 
-0.000540 
-0.000710 
-0.000860 
-0.000920 
-0.000820 
-0.000580 
-0.000270 
0.000050 
0.000300 
0.000460 
0.000550 
0.000620 
0.000630 
0.000520 
0.000280 
-0.000000 
-0.000180 
-0.000190 
-0.000110 
-0.000090 
-0.000220 
-0.000440 
-0.000610 
-0.000590 
-0.000360 
-0.000040 
0.000240 
0.000410 
0.000470 
0.000490 
0.000510 
0.000530 
0.000530 
0.000490 
0.000410 
0.000330 
0.000260 
0.000150 
-0.000050 
-0.000300 
-0.000510 
-0.000580 
-0.000520 
-0.000380 
-0.000230 
-0.000120 
-0.000010 
0.000130 
0.000350 
0.000590 
0.000710 
0.000570 
0.000210 
-0.000170 
-0.000370 
-0.000380 
-0.000310 
-0.000300 
-0.000390 
-0.000480 
-0.000490 
-0.000380 
-0.000200 
-0.000010 
0.000180 
0.000350 
0.000480 
0.000570 
0.000560 
0.000450 
0.000240 
0.000020 
-0.000090 
-0.000090 
-0.000060 
-0.000100 
-0.000230 
-0.000360 
-0.000400 
-0.000360 
-0.000330 
-0.000360 
-0.000460 
-0.000480 
-0.000330 
0.000010 
0.000370 
0.000570 
0.000510 
0.000210 
-0.000160 
-0.000460 
-0.000610 
-0.000680 
-0.000750 
-0.000850 
-0.000910 
-0.000910 
-0.000840 
-0.000710 
-0.000510 
-0.000220 
0.000140 
0.000470 
0.000720 
0.000810 
0.000760 
0.000640 
0.000470 
0.000290 
0.000090 
-0.000130 
-0.000400 
-0.000700 
-0.000920 
-0.000890 
-0.000580 
-0.000110 
0.000310 
0.000590 
0.000790 
0.000980 
0.001180 
0.001320 
0.001280 
0.001030 
0.000650 
0.000260 
-0.000080 
-0.000360 
-0.000600 
-0.000770 
-0.000840 
-0.000780 
-0.000550 
-0.000200 
0.000160 
0.000390 
0.000500 
0.000560 
0.000610 
0.000580 
0.000370 
-0.000030 
-0.000480 
-0.000810 
-0.000910 
-0.000830 
-0.000750 
-0.000750 
-0.000800 
-0.000810 
-0.000660 
-0.000340 
0.000070 
0.000460 
0.000700 
0.000740 
0.000660 
0.000530 
0.000360 
0.000160 
-0.000060 
-0.000210 
-0.000220 
-0.000120 
0.000020 
0.000100 
0.000100 
0.000090 
0.000110 
0.000180 
0.000290 
0.000380 
0.000400 
0.000330 
0.000240 
0.000220 
0.000290 
0.000320 
0.000180 
-0.000110 
-0.000360 
-0.000410 
-0.000280 
-0.000120 
-0.000090 
-0.000250 
-0.000520 
-0.000750 
-0.000810 
-0.000680 
-0.000450 
-0.000240 
-0.000110 
-0.000080 
-0.000070 
-0.000020 
-0.000000 
-0.000070 
-0.000240 
-0.000380 
-0.000420 
-0.000420 
-0.000500 
-0.000650 
-0.000770 
-0.000740 
-0.000540 
-0.000270 
-0.000060 
0.000040 
0.000100 
0.000230 
0.000470 
0.000770 
0.000980 
0.000970 
0.000690 
0.000230 
-0.000200 
-0.000430 
-0.000470 
-0.000440 
-0.000430 
-0.000400 
-0.000270 
0.000020 
0.000390 
0.000730 
0.000940 
0.000970 
0.000890 
0.000780 
0.000680 
0.000590 
0.000440 
0.000200 
-0.000090 
-0.000310 
-0.000390 
-0.000370 
-0.000360 
-0.000370 
-0.000310 
-0.000080 
0.000280 
0.000570 
0.000640 
0.000500 
0.000290 
0.000170 
0.000180 
0.000210 
0.000140 
-0.000080 
-0.000370 
-0.000620 
-0.000750 
-0.000750 
-0.000710 
-0.000720 
-0.000750 
-0.000680 
-0.000400 
0.000020 
0.000380 
0.000510 
0.000440 
0.000290 
0.000190 
0.000120 
-0.000020 
-0.000260 
-0.000490 
-0.000630 
-0.000620 
-0.000480 
-0.000280 
-0.000100 
0.000030 
0.000110 
0.000230 
0.000460 
0.000750 
0.000930 
0.000910 
0.000720 
0.000500 
0.000340 
0.000200 
-0.000010 
-0.000270 
-0.000460 
-0.000490 
-0.000360 
-0.000190 
-0.000070 
-0.000060 
-0.000120 
-0.000190 
-0.000180 
-0.000070 
0.000040 
0.000030 
-0.000130 
-0.000310 
-0.000380 
-0.000350 
-0.000370 
-0.000540 
-0.000810 
-0.000990 
-0.000950 
-0.000760 
-0.000600 
-0.000600 
-0.000730 
-0.000910 
-0.001010 
-0.000970 
-0.000760 
-0.000470 
-0.000260 
-0.000210 
-0.000250 
-0.000270 
-0.000270 
-0.000340 
-0.000530 
-0.000740 
-0.000800 
-0.000700 
-0.000540 
-0.000440 
-0.000400 
-0.000290 
-0.000070 
0.000200 
0.000400 
0.000470 
0.000440 
0.000360 
0.000280 
0.000260 
0.000340 
0.000420 
0.000330 
0.000030 
-0.000310 
-0.000470 
-0.000380 
-0.000200 
-0.000090 
-0.000110 
-0.000140 
-0.000050 
0.000160 
0.000390 
0.000550 
0.000580 
0.000490 
0.000250 
-0.000050 
-0.000320 
-0.000530 
-0.000740 
-0.001010 
-0.001240 
-0.001330 
-0.001270 
-0.001170 
-0.001090 
-0.000970 
-0.000710 
-0.000300 
0.000090 
0.000300 
0.000240 
0.000010 
-0.000250 
-0.000420 
-0.000490 
-0.000490 
-0.000480 
-0.000520 
-0.000610 
-0.000650 
-0.000540 
-0.000320 
-0.000140 
-0.000100 
-0.000080 
0.000060 
0.000380 
0.000740 
0.000950 
0.000930 
0.000730 
0.000450 
0.000170 
-0.000070 
-0.000280 
-0.000420 
-0.000490 
-0.000510 
-0.000460 
-0.000340 
-0.000190 
-0.000060 
0.000020 
0.000120 
0.000270 
0.000420 
0.000440 
0.000250 
-0.000120 
-0.000530 
-0.000850 
-0.001030 
-0.001080 
-0.001060 
-0.001010 
-0.000940 
-0.000830 
-0.000660 
-0.000450 
-0.000260 
-0.000190 
-0.000250 
-0.000350 
-0.000350 
-0.000260 
-0.000180 
-0.000210 
-0.000330 
-0.000410 
-0.000400 
-0.000320 
-0.000260 
-0.000280 
-0.000370 
-0.000440 
-0.000390 
-0.000220 
-0.000020 
0.000130 
0.000170 
0.000130 
0.000120 
0.000200 
0.000340 
0.000420 
0.000390 
0.000290 
0.000230 
0.000230 
0.000230 
0.000170 
0.000060 
-0.000030 
-0.000050 
0.000010 
0.000110 
0.000190 
0.000210 
0.000190 
0.000150 
0.000160 
0.000220 
0.000290 
0.000340 
0.000320 
0.000290 
0.000300 
0.000330 
0.000280 
0.000070 
-0.000270 
-0.000620 
-0.000850 
-0.000890 
-0.000770 
-0.000590 
-0.000410 
-0.000230 
-0.000020 
0.000260 
0.000530 
0.000710 
0.000740 
0.000640 
0.000490 
0.000350 
0.000230 
0.000070 
-0.000150 
-0.000390 
-0.000530 
-0.000520 
-0.000340 
-0.000070 
0.000240 
0.000550 
0.000890 
0.001230 
0.001500 
0.001590 
0.001450 
0.001140 
0.000800 
0.000530 
0.000360 
0.000240 
0.000150 
0.000100 
0.000120 
0.000230 
0.000380 
0.000510 
0.000580 
0.000550 
0.000470 
0.000400 
0.000410 
0.000450 
0.000390 
0.000190 
-0.000100 
-0.000360 
-0.000540 
-0.000650 
-0.000710 
-0.000730 
-0.000690 
-0.000590 
-0.000490 
-0.000430 
-0.000410 
-0.000400 
-0.000350 
-0.000250 
-0.000080 
0.000100 
0.000230 
0.000210 
0.000040 
-0.000170 
-0.000300 
-0.000300 
-0.000230 
-0.000140 
-0.000040 
0.000080 
0.000260 
0.000490 
0.000690 
0.000810 
0.000870 
0.000890 
0.000920 
0.000940 
0.000930 
0.000860 
0.000730 
0.000590 
0.000480 
0.000450 
0.000450 
0.000390 
0.000270 
0.000150 
0.000090 
0.000090 
0.000090 
0.000040 
-0.000070 
-0.000150 
-0.000140 
-0.000010 
0.000170 
0.000320 
0.000380 
0.000360 
0.000260 
0.000140 
-0.000000 
-0.000170 
-0.000410 
-0.000700 
-0.000950 
-0.001050 
-0.000970 
-0.000770 
-0.000510 
-0.000230 
0.000060 
0.000310 
0.000490 
0.000550 
0.000480 
0.000310 
0.000110 
-0.000060 
-0.000190 
-0.000250 
-0.000270 
-0.000290 
-0.000300 
-0.000220 
0.000030 
0.000430 
0.000870 
0.001230 
0.001490 
0.001670 
0.001770 
0.001740 
0.001540 
0.001190 
0.000740 
0.000320 
0.000040 
-0.000090 
-0.000130 
-0.000150 
-0.000210 
-0.000320 
-0.000370 
-0.000290 
-0.000090 
0.000130 
0.000280 
0.000380 
0.000450 
0.000460 
0.000370 
0.000150 
-0.000140 
-0.000430 
-0.000660 
-0.000800 
-0.000870 
-0.000920 
-0.000950 
-0.000930 
-0.000840 
-0.000650 
-0.000390 
-0.000140 
0.000030 
0.000130 
0.000170 
0.000210 
0.000230 
0.000170 
-0.000000 
-0.000220 
-0.000410 
-0.000520 
-0.000520 
-0.000430 
-0.000300 
-0.000190 
-0.000090 
0.000050 
0.000230 
0.000420 
0.000550 
0.000560 
0.000480 
0.000390 
0.000340 
0.000310 
0.000210 
-0.000000 
-0.000270 
-0.000500 
-0.000640 
-0.000670 
-0.000630 
-0.000560 
-0.000460 
-0.000330 
-0.000160 
-0.000000 
0.000070 
-0.000030 
-0.000240 
-0.000480 
-0.000660 
-0.000760 
-0.000840 
-0.000930 
-0.001020 
-0.001030 
-0.000940 
-0.000810 
-0.000710 
-0.000680 
-0.000670 
-0.000620 
-0.000500 
-0.000330 
-0.000180 
-0.000090 
-0.000090 
-0.000120 
-0.000110 
-0.000030 
0.000080 
0.000150 
0.000110 
-0.000000 
-0.000110 
-0.000150 
-0.000150 
-0.000150 
-0.000170 
-0.000170 
-0.000100 
0.000040 
0.000220 
0.000380 
0.000490 
0.000530 
0.000530 
0.000520 
0.000500 
0.000440 
0.000310 
0.000160 
0.000060 
0.000080 
0.000170 
0.000180 
0.000040 
-0.000170 
-0.000310 
-0.000280 
-0.000140 
0.000020 
0.000140 
0.000210 
0.000270 
0.000320 
0.000380 
0.000390 
0.000280 
0.000020 
-0.000340 
-0.000640 
-0.000790 
-0.000800 
-0.000760 
-0.000760 
-0.000770 
-0.000690 
-0.000470 
-0.000180 
0.000070 
0.000250 
0.000390 
0.000500 
0.000550 
0.000490 
0.000290 
-0.000030 
-0.000380 
-0.000640 
-0.000680 
-0.000540 
-0.000310 
-0.000110 
0.000050 
0.000220 
0.000470 
0.000740 
0.000910 
0.000910 
0.000780 
0.000640 
0.000550 
0.000460 
0.000290 
0.000020 
-0.000310 
-0.000590 
-0.000730 
-0.000660 
-0.000440 
-0.000180 
0.000010 
0.000110 
0.000180 
0.000280 
0.000390 
0.000420 
0.000320 
0.000130 
-0.000030 
-0.000130 
-0.000210 
-0.000330 
-0.000490 
-0.000620 
-0.000670 
-0.000630 
-0.000510 
-0.000320 
-0.000150 
-0.000030 
0.000050 
0.000180 
0.000370 
0.000510 
0.000490 
0.000290 
0.000020 
-0.000180 
-0.000220 
-0.000200 
-0.000220 
-0.000260 
-0.000220 
-0.000060 
0.000180 
0.000390 
0.000510 
0.000520 
0.000440 
0.000330 
0.000290 
0.000320 
0.000380 
0.000370 
0.000290 
0.000210 
0.000210 
0.000310 
0.000460 
0.000570 
0.000610 
0.000610 
0.000590 
0.000510 
0.000340 
0.000090 
-0.000170 
-0.000370 
-0.000460 
-0.000380 
-0.000170 
0.000080 
0.000260 
0.000330 
0.000330 
0.000310 
0.000260 
0.000130 
-0.000090 
-0.000360 
-0.000590 
-0.000690 
-0.000710 
-0.000700 
-0.000690 
-0.000620 
-0.000450 
-0.000160 
0.000200 
0.000540 
0.000770 
0.000830 
0.000750 
0.000620 
0.000500 
0.000400 
0.000280 
0.000130 
0.000020 
0.000010 
0.000130 
0.000300 
0.000440 
0.000490 
0.000510 
0.000540 
0.000600 
0.000680 
0.000730 
0.000760 
0.000720 
0.000620 
0.000510 
0.000400 
0.000250 
0.000050 
-0.000190 
-0.000380 
-0.000450 
-0.000400 
-0.000290 
-0.000190 
-0.000090 
0.000030 
0.000200 
0.000370 
0.000470 
0.000430 
0.000260 
0.000040 
-0.000180 
-0.000330 
-0.000400 
-0.000450 
-0.000510 
-0.000560 
-0.000520 
-0.000320 
-0.000000 
0.000360 
0.000650 
0.000820 
0.000880 
0.000850 
0.000740 
0.000580 
0.000380 
0.000220 
0.000140 
0.000180 
0.000300 
0.000450 
0.000540 
0.000550 
0.000500 
0.000470 
0.000480 
0.000470 
0.000390 
0.000230 
0.000070 
-0.000010 
0.000010 
0.000090 
0.000170 
0.000210 
0.000250 
0.000290 
0.000340 
0.000310 
0.000180 
-0.000080 
-0.000380 
-0.000640 
-0.000780 
-0.000810 
-0.000770 
-0.000690 
-0.000560 
-0.000340 
-0.000050 
0.000230 
0.000400 
0.000430 
0.000330 
0.000140 
-0.000060 
-0.000260 
-0.000440 
-0.000570 
-0.000650 
-0.000640 
-0.000530 
-0.000350 
-0.000160 
-0.000000 
0.000090 
0.000180 
0.000320 
0.000500 
0.000670 
0.000750 
0.000700 
0.000560 
0.000400 
0.000290 
0.000240 
0.000230 
0.000210 
0.000180 
0.000190 
0.000240 
0.000330 
0.000390 
0.000390 
0.000360 
0.000370 
0.000450 
0.000570 
0.000640 
0.000590 
0.000440 
0.000220 
-0.000030 
-0.000300 
-0.000540 
-0.000720 
-0.000800 
-0.000750 
-0.000550 
-0.000250 
0.000060 
0.000280 
0.000390 
0.000410 
0.000400 
0.000390 
0.000340 
0.000210 
-0.000010 
-0.000260 
-0.000480 
-0.000640 
-0.000710 
-0.000700 
-0.000620 
-0.000470 
-0.000270 
0.000010 
0.000320 
0.000570 
0.000690 
0.000680 
0.000610 
0.000530 
0.000490 
0.000450 
0.000410 
0.000380 
0.000400 
0.000520 
0.000690 
0.000840 
0.000910 
0.000890 
0.000820 
0.000730 
0.000620 
0.000490 
0.000330 
0.000160 
0.000040 
0.000060 
0.000170 
0.000290 
0.000340 
0.000310 
0.000190 
0.000040 
-0.000080 
-0.000150 
-0.000190 
-0.000260 
-0.000390 
