-0.004710 
-0.003180 
-0.001360 
0.000580 
0.002400 
0.003880 
0.004790 
0.004940 
0.004290 
0.002890 
0.000940 
-0.001260 
-0.003430 
-0.005280 
-0.006550 
-0.007050 
-0.006590 
-0.005100 
-0.002640 
0.000560 
0.004130 
0.007590 
0.010450 
0.012360 
0.013040 
0.012420 
0.010540 
0.007610 
0.003990 
0.000150 
-0.003400 
-0.006160 
-0.007770 
-0.007990 
-0.006780 
-0.004280 
-0.000790 
0.003270 
0.007350 
0.010880 
0.013330 
0.014310 
0.013600 
0.011230 
0.007460 
0.002740 
-0.002350 
-0.007150 
-0.011060 
-0.013590 
-0.014440 
-0.013510 
-0.010950 
-0.007090 
-0.002450 
0.002350 
0.006660 
0.009880 
0.011580 
0.011520 
0.009670 
0.006220 
0.001560 
-0.003760 
-0.009060 
-0.013620 
-0.016780 
-0.018080 
-0.017320 
-0.014620 
-0.010360 
-0.005140 
0.000390 
0.005560 
0.009750 
0.012490 
0.013430 
0.012440 
0.009610 
0.005320 
0.000150 
-0.005140 
-0.009810 
-0.013210 
-0.014890 
-0.014620 
-0.012430 
-0.008520 
-0.003320 
0.002540 
0.008310 
0.013180 
0.016480 
0.017760 
0.016960 
0.014290 
0.010170 
0.005150 
-0.000170 
-0.005160 
-0.009190 
-0.011670 
-0.012210 
-0.010700 
-0.007380 
-0.002790 
0.002410 
0.007510 
0.011890 
0.015040 
0.016550 
0.016160 
0.013850 
0.009870 
0.004730 
-0.000870 
-0.006180 
-0.010540 
-0.013490 
-0.014770 
-0.014290 
-0.012160 
-0.008650 
-0.004170 
0.000680 
0.005230 
0.008840 
0.010990 
0.011370 
0.009940 
0.006930 
0.002760 
-0.002020 
-0.006810 
-0.011030 
-0.014180 
-0.015880 
-0.015950 
-0.014410 
-0.011470 
-0.007500 
-0.003000 
0.001480 
0.005410 
0.008330 
0.009920 
0.010010 
0.008650 
0.006030 
0.002520 
-0.001400 
-0.005210 
-0.008390 
-0.010520 
-0.011290 
-0.010620 
-0.008620 
-0.005560 
-0.001810 
0.002220 
0.006110 
0.009470 
0.011920 
0.013160 
0.013010 
0.011490 
0.008810 
0.005370 
0.001630 
-0.001990 
-0.005080 
-0.007330 
-0.008480 
-0.008350 
-0.006900 
-0.004290 
-0.000860 
0.002900 
0.006510 
0.009550 
0.011700 
0.012760 
0.012580 
0.011130 
0.008490 
0.004890 
0.000740 
-0.003470 
-0.007190 
-0.009990 
-0.011560 
-0.011730 
-0.010520 
-0.008090 
-0.004750 
-0.000890 
0.002990 
0.006370 
0.008810 
0.009950 
0.009610 
0.007830 
0.004790 
0.000850 
-0.003510 
-0.007790 
-0.011480 
-0.014120 
-0.015360 
-0.015000 
-0.013030 
-0.009650 
-0.005270 
-0.000460 
0.004180 
0.008060 
0.010710 
0.011830 
0.011280 
0.009160 
0.005710 
0.001380 
-0.003280 
-0.007670 
-0.011210 
-0.013400 
-0.013930 
-0.012690 
-0.009790 
-0.005580 
-0.000550 
0.004680 
0.009490 
0.013290 
0.015610 
0.016170 
0.014880 
0.011920 
0.007680 
0.002740 
-0.002280 
-0.006750 
-0.010130 
-0.012010 
-0.012140 
-0.010480 
-0.007190 
-0.002660 
0.002530 
0.007680 
0.012110 
0.015250 
0.016670 
0.016180 
0.013810 
0.009810 
0.004660 
-0.000970 
-0.006350 
-0.010800 
-0.013750 
-0.014870 
-0.014060 
-0.011480 
-0.007480 
-0.002600 
0.002550 
0.007300 
0.011030 
0.013230 
0.013570 
0.011950 
0.008540 
0.003750 
-0.001810 
-0.007380 
-0.012260 
-0.015790 
-0.017560 
-0.017360 
-0.015210 
-0.011400 
-0.006410 
-0.000880 
0.004470 
0.008930 
0.011950 
0.013190 
0.012550 
0.010140 
0.006260 
0.001390 
-0.003850 
-0.008760 
-0.012670 
-0.014980 
-0.015360 
-0.013740 
-0.010370 
-0.005690 
-0.000340 
0.005020 
0.009740 
0.013270 
0.015210 
0.015350 
0.013690 
0.010460 
0.006100 
0.001220 
-0.003540 
-0.007520 
-0.010210 
-0.011270 
-0.010580 
-0.008230 
-0.004530 
0.000020 
0.004800 
0.009140 
0.012450 
0.014290 
0.014470 
0.013020 
0.010160 
0.006270 
0.001810 
-0.002690 
-0.006690 
-0.009700 
-0.011360 
-0.011510 
-0.010170 
-0.007580 
-0.004130 
-0.000290 
0.003430 
0.006570 
0.008700 
0.009540 
0.009020 
0.007220 
0.004390 
0.000910 
-0.002820 
-0.006340 
-0.009220 
-0.011140 
-0.011870 
-0.011380 
-0.009770 
-0.007290 
-0.004270 
-0.001030 
0.002060 
0.004640 
0.006400 
0.007100 
0.006660 
0.005180 
0.002910 
0.000210 
-0.002550 
-0.005060 
-0.007020 
-0.008230 
-0.008540 
-0.007870 
-0.006290 
-0.003970 
-0.001210 
0.001650 
0.004270 
0.006410 
0.007870 
0.008550 
0.008390 
0.007370 
0.005580 
0.003220 
0.000590 
-0.001930 
-0.003980 
-0.005310 
-0.005780 
-0.005420 
-0.004320 
-0.002600 
-0.000430 
0.001980 
0.004380 
0.006480 
0.007990 
0.008690 
0.008500 
0.007440 
0.005640 
0.003300 
0.000630 
-0.002090 
-0.004560 
-0.006470 
-0.007560 
-0.007700 
-0.006880 
-0.005250 
-0.003020 
-0.000490 
0.002060 
0.004320 
0.006030 
0.006990 
0.007050 
0.006190 
0.004450 
0.001990 
-0.000930 
-0.003980 
-0.006760 
-0.008880 
-0.010030 
-0.010060 
-0.009010 
-0.007040 
-0.004390 
-0.001340 
0.001790 
0.004640 
0.006850 
0.008080 
0.008140 
0.007010 
0.004860 
0.002000 
-0.001190 
-0.004350 
-0.007110 
-0.009160 
-0.010210 
-0.010050 
-0.008600 
-0.005980 
-0.002510 
0.001350 
0.005080 
0.008200 
0.010350 
0.011320 
0.011030 
0.009510 
0.006900 
0.003490 
-0.000340 
-0.004100 
-0.007270 
-0.009380 
-0.010130 
-0.009430 
-0.007380 
-0.004230 
-0.000360 
0.003800 
0.007750 
0.010980 
0.013000 
0.013490 
0.012340 
0.009690 
0.005920 
0.001550 
-0.002850 
-0.006740 
-0.009680 
-0.011340 
-0.011510 
-0.010150 
-0.007420 
-0.003650 
0.000690 
0.004990 
0.008650 
0.011150 
0.012110 
0.011390 
0.009090 
0.005490 
0.001050 
-0.003680 
-0.008110 
-0.011650 
-0.013830 
-0.014360 
-0.013190 
-0.010500 
-0.006710 
-0.002310 
0.002120 
0.006080 
0.009090 
0.010790 
0.010910 
0.009380 
0.006380 
0.002300 
-0.002230 
-0.006590 
-0.010160 
-0.012510 
-0.013360 
-0.012620 
-0.010400 
-0.006950 
-0.002690 
0.001820 
0.006020 
0.009370 
0.011470 
0.012090 
0.011230 
0.009030 
0.005800 
0.001960 
-0.001990 
-0.005530 
-0.008170 
-0.009560 
-0.009490 
-0.007990 
-0.005290 
-0.001770 
0.002100 
0.005800 
0.008880 
0.010970 
0.011820 
0.011300 
0.009500 
0.006640 
0.003130 
-0.000580 
-0.004010 
-0.006780 
-0.008580 
-0.009220 
-0.008650 
-0.006930 
-0.004310 
-0.001140 
0.002100 
0.004950 
0.007030 
0.008100 
0.008070 
0.006990 
0.004990 
0.002320 
-0.000720 
-0.003780 
-0.006470 
-0.008460 
-0.009530 
-0.009570 
-0.008620 
-0.006830 
-0.004430 
-0.001730 
0.000960 
0.003320 
0.005070 
0.006000 
0.005990 
0.005040 
0.003290 
0.001010 
-0.001470 
-0.003800 
-0.005680 
-0.006930 
-0.007440 
-0.007160 
-0.006130 
-0.004420 
-0.002190 
0.000310 
0.002770 
0.004860 
0.006340 
0.007050 
0.006940 
0.006080 
0.004580 
0.002660 
0.000560 
-0.001460 
-0.003120 
-0.004210 
-0.004620 
-0.004340 
-0.003420 
-0.002010 
-0.000260 
0.001620 
0.003430 
0.004970 
0.006060 
0.006570 
0.006450 
0.005680 
0.004330 
0.002570 
0.000580 
-0.001390 
-0.003110 
-0.004390 
-0.005090 
-0.005170 
-0.004650 
-0.003580 
-0.002100 
-0.000360 
0.001450 
0.003110 
0.004420 
0.005230 
0.005410 
0.004930 
0.003810 
0.002190 
0.000220 
-0.001860 
-0.003830 
-0.005460 
-0.006550 
-0.006950 
-0.006580 
-0.005480 
-0.003800 
-0.001770 
0.000360 
0.002320 
0.003940 
0.005060 
0.005550 
0.005280 
0.004200 
0.002400 
0.000090 
-0.002360 
-0.004610 
-0.006330 
-0.007360 
-0.007590 
-0.007030 
-0.005700 
-0.003690 
-0.001200 
0.001490 
0.004000 
0.005990 
0.007190 
0.007440 
0.006730 
0.005170 
0.002970 
0.000390 
-0.002270 
-0.004670 
-0.006510 
-0.007530 
-0.007550 
-0.006490 
-0.004420 
-0.001570 
0.001640 
0.004750 
0.007310 
0.009000 
0.009650 
0.009250 
0.007880 
0.005660 
0.002840 
-0.000280 
-0.003250 
-0.005650 
-0.007110 
-0.007460 
-0.006700 
-0.005000 
-0.002570 
0.000340 
0.003380 
0.006160 
0.008190 
0.009070 
0.008590 
0.006840 
0.004150 
0.001010 
-0.002140 
-0.004990 
-0.007330 
-0.009000 
-0.009800 
-0.009530 
-0.008110 
-0.005660 
-0.002560 
0.000680 
0.003530 
0.005620 
0.006750 
0.006870 
0.006020 
0.004250 
0.001720 
-0.001300 
-0.004370 
-0.007010 
-0.008800 
-0.009520 
-0.009180 
-0.007910 
-0.005930 
-0.003420 
-0.000600 
0.002270 
0.004830 
0.006700 
0.007590 
0.007390 
0.006180 
0.004210 
0.001780 
-0.000790 
-0.003220 
-0.005190 
-0.006420 
-0.006690 
-0.005940 
-0.004280 
-0.001980 
0.000640 
0.003270 
0.005620 
0.007430 
0.008510 
0.008680 
0.007900 
0.006280 
0.004050 
0.001530 
-0.000940 
-0.003090 
-0.004680 
-0.005560 
-0.005600 
-0.004790 
-0.003230 
-0.001150 
0.001130 
0.003260 
0.004910 
0.005890 
0.006100 
0.005560 
0.004350 
0.002610 
0.000500 
-0.001740 
-0.003880 
-0.005660 
-0.006850 
-0.007300 
-0.006950 
-0.005880 
-0.004230 
-0.002250 
-0.000200 
0.001630 
0.003020 
0.003790 
0.003860 
0.003250 
0.002080 
0.000550 
-0.001130 
-0.002760 
-0.004180 
-0.005260 
-0.005870 
-0.005950 
-0.005450 
-0.004390 
-0.002850 
-0.001020 
0.000860 
0.002540 
0.003770 
0.004410 
0.004440 
0.003960 
0.003080 
0.001970 
0.000730 
-0.000520 
-0.001660 
-0.002540 
-0.002990 
-0.002910 
-0.002320 
-0.001330 
-0.000120 
0.001160 
0.002410 
0.003570 
0.004520 
0.005110 
0.005160 
0.004600 
0.003510 
0.002090 
0.000640 
-0.000660 
-0.001700 
-0.002520 
-0.003100 
-0.003390 
-0.003270 
-0.002670 
-0.001620 
-0.000300 
0.001030 
0.002170 
0.002990 
0.003460 
0.003570 
0.003290 
0.002560 
0.001370 
-0.000170 
-0.001830 
-0.003320 
-0.004410 
-0.004980 
-0.005040 
-0.004670 
-0.003910 
-0.002810 
-0.001410 
0.000180 
0.001740 
0.003030 
0.003800 
0.003930 
0.003420 
0.002390 
0.001010 
-0.000570 
-0.002190 
-0.003690 
-0.004850 
-0.005470 
-0.005390 
-0.004600 
-0.003230 
-0.001510 
0.000320 
0.002040 
0.003510 
0.004580 
0.005130 
0.005050 
0.004300 
0.002950 
0.001200 
-0.000700 
-0.002460 
-0.003830 
-0.004650 
-0.004800 
-0.004250 
-0.003070 
-0.001400 
0.000550 
0.002510 
0.004230 
0.005490 
0.006160 
0.006160 
0.005510 
0.004280 
0.002630 
0.000770 
-0.001080 
-0.002720 
-0.003940 
-0.004610 
-0.004610 
-0.003900 
-0.002550 
-0.000750 
0.001230 
0.003100 
0.004580 
0.005490 
0.005740 
0.005310 
0.004280 
0.002750 
0.000910 
-0.001040 
-0.002860 
-0.004320 
-0.005270 
-0.005620 
-0.005320 
-0.004410 
-0.002990 
-0.001230 
0.000640 
0.002320 
0.003560 
0.004180 
0.004080 
0.003320 
0.002030 
0.000400 
-0.001360 
-0.003010 
-0.004390 
-0.005350 
-0.005790 
-0.005680 
-0.004990 
-0.003800 
-0.002210 
-0.000400 
0.001380 
0.002900 
0.003960 
0.004410 
0.004240 
0.003500 
0.002310 
0.000830 
-0.000780 
-0.002300 
-0.003520 
-0.004250 
-0.004370 
-0.003830 
-0.002750 
-0.001270 
0.000380 
0.002020 
0.003510 
0.004730 
0.005570 
0.005900 
0.005640 
0.004750 
0.003340 
0.001630 
-0.000060 
-0.001430 
-0.002320 
-0.002690 
-0.002590 
-0.002110 
-0.001280 
-0.000180 
0.001110 
0.002410 
0.003480 
0.004120 
0.004230 
0.003810 
0.002990 
0.001880 
0.000590 
-0.000800 
-0.002170 
-0.003380 
-0.004230 
-0.004550 
-0.004300 
-0.003550 
-0.002490 
-0.001350 
-0.000300 
0.000540 
0.001150 
0.001520 
0.001620 
0.001440 
0.000940 
0.000170 
-0.000780 
-0.001770 
-0.002640 
-0.003270 
-0.003600 
-0.003630 
-0.003370 
-0.002820 
-0.002030 
-0.001030 
0.000060 
0.001080 
0.001880 
0.002350 
0.002500 
0.002400 
0.002140 
0.001790 
0.001350 
0.000810 
0.000210 
-0.000370 
-0.000800 
-0.000980 
-0.000860 
-0.000470 
0.000110 
0.000810 
0.001550 
0.002280 
0.002960 
0.003490 
0.003790 
0.003750 
0.003370 
0.002670 
0.001780 
0.000830 
-0.000050 
-0.000790 
-0.001380 
-0.001800 
-0.002040 
-0.002040 
-0.001730 
-0.001090 
-0.000190 
0.000810 
0.001680 
0.002250 
0.002430 
0.002230 
0.001740 
0.001040 
0.000200 
-0.000720 
-0.001670 
-0.002530 
-0.003190 
-0.003540 
-0.003510 
-0.003120 
-0.002420 
-0.001510 
-0.000480 
0.000540 
0.001440 
0.002090 
0.002390 
0.002290 
0.001790 
0.000990 
0.000010 
-0.001000 
-0.001880 
-0.002520 
-0.002820 
-0.002770 
-0.002400 
-0.001740 
-0.000860 
0.000180 
0.001280 
0.002320 
0.003170 
0.003690 
0.003780 
0.003420 
0.002650 
0.001600 
0.000430 
-0.000710 
-0.001650 
-0.002270 
-0.002520 
-0.002360 
-0.001830 
-0.001000 
0.000020 
0.001110 
0.002150 
0.003010 
0.003590 
0.003820 
0.003670 
0.003160 
0.002320 
0.001240 
0.000020 
-0.001160 
-0.002130 
-0.002730 
-0.002880 
-0.002580 
-0.001910 
-0.000990 
0.000060 
0.001150 
0.002160 
0.002960 
0.003450 
0.003530 
0.003190 
0.002460 
0.001440 
0.000250 
-0.000980 
-0.002120 
-0.003030 
-0.003570 
-0.003630 
-0.003200 
-0.002330 
-0.001180 
0.000060 
0.001210 
0.002120 
0.002690 
0.002860 
0.002620 
0.001970 
0.000970 
-0.000250 
-0.001540 
-0.002740 
-0.003680 
-0.004230 
-0.004320 
-0.003930 
-0.003120 
-0.002010 
-0.000710 
0.000610 
0.001790 
0.002680 
0.003160 
0.003130 
0.002610 
0.001700 
0.000570 
-0.000580 
-0.001610 
-0.002400 
-0.002890 
-0.003050 
-0.002860 
-0.002310 
-0.001440 
-0.000330 
0.000910 
0.002110 
0.003130 
0.003840 
0.004150 
0.004000 
0.003410 
0.002510 
0.001430 
0.000370 
-0.000510 
-0.001130 
-0.001460 
-0.001500 
-0.001290 
-0.000850 
-0.000210 
0.000570 
0.001400 
0.002170 
0.002750 
0.003030 
0.002930 
0.002450 
0.001660 
0.000690 
-0.000350 
-0.001320 
-0.002140 
-0.002740 
-0.003090 
-0.003160 
-0.002950 
-0.002490 
-0.001860 
-0.001160 
-0.000460 
0.000130 
0.000580 
0.000820 
0.000830 
0.000590 
0.000120 
-0.000510 
-0.001230 
-0.001920 
-0.002500 
-0.002910 
-0.003080 
-0.002990 
-0.002620 
-0.002040 
-0.001320 
-0.000560 
0.000140 
0.000730 
0.001220 
0.001580 
0.001800 
0.001830 
0.001620 
0.001170 
0.000570 
-0.000070 
-0.000640 
-0.001020 
-0.001180 
-0.001100 
-0.000800 
-0.000290 
0.000380 
0.001130 
0.001870 
0.002500 
0.002920 
0.003100 
0.003020 
0.002710 
0.002210 
0.001580 
0.000850 
0.000090 
-0.000620 
-0.001190 
-0.001510 
-0.001530 
-0.001240 
-0.000710 
-0.000090 
0.000500 
0.000970 
0.001290 
0.001470 
0.001510 
0.001380 
0.001030 
0.000460 
-0.000250 
-0.000990 
-0.001620 
-0.002080 
-0.002340 
-0.002450 
-0.002430 
-0.002260 
-0.001890 
-0.001300 
-0.000580 
0.000150 
0.000710 
0.000970 
0.000940 
0.000680 
0.000300 
-0.000100 
-0.000490 
-0.000870 
-0.001260 
-0.001630 
-0.001880 
-0.001930 
-0.001700 
-0.001220 
-0.000570 
0.000110 
0.000740 
0.001260 
0.001670 
0.001950 
0.002080 
0.001980 
0.001620 
0.001040 
0.000360 
-0.000260 
-0.000690 
-0.000890 
-0.000940 
-0.000890 
-0.000770 
-0.000560 
-0.000190 
0.000360 
0.001000 
0.001610 
0.002020 
0.002140 
0.001970 
0.001570 
0.001050 
0.000460 
-0.000140 
-0.000750 
-0.001310 
-0.001730 
-0.001940 
-0.001850 
-0.001460 
-0.000860 
-0.000150 
0.000540 
0.001120 
0.001540 
0.001790 
0.001840 
0.001680 
0.001270 
0.000630 
-0.000150 
-0.000960 
-0.001630 
-0.002080 
-0.002250 
-0.002170 
-0.001870 
-0.001400 
-0.000780 
-0.000070 
0.000620 
0.001190 
0.001510 
0.001560 
0.001360 
0.000970 
0.000470 
-0.000110 
-0.000760 
-0.001420 
-0.002000 
-0.002380 
-0.002460 
-0.002190 
-0.001630 
-0.000900 
-0.000150 
0.000500 
0.000990 
0.001270 
0.001370 
0.001280 
0.001020 
0.000580 
0.000020 
-0.000600 
-0.001170 
-0.001600 
-0.001830 
-0.001830 
-0.001630 
-0.001280 
-0.000810 
-0.000260 
0.000350 
0.000970 
0.001490 
0.001840 
0.001950 
0.001810 
0.001480 
0.001060 
0.000630 
0.000230 
-0.000120 
-0.000400 
-0.000600 
-0.000670 
-0.000580 
-0.000330 
0.000060 
0.000520 
0.001000 
0.001410 
0.001710 
0.001840 
0.001800 
0.001580 
0.001220 
0.000770 
0.000260 
-0.000250 
-0.000720 
-0.001100 
-0.001350 
-0.001450 
-0.001420 
-0.001290 
-0.001090 
-0.000830 
-0.000530 
-0.000210 
0.000090 
0.000300 
0.000380 
0.000270 
0.000000 
-0.000410 
-0.000880 
-0.001350 
-0.001780 
-0.002090 
-0.002270 
-0.002290 
-0.002150 
-0.001860 
-0.001450 
-0.000960 
-0.000440 
0.000070 
0.000500 
0.000810 
0.000940 
0.000910 
0.000730 
0.000450 
0.000120 
-0.000230 
-0.000530 
-0.000730 
-0.000770 
-0.000620 
-0.000290 
0.000150 
0.000640 
0.001120 
0.001550 
0.001920 
0.002210 
0.002390 
0.002430 
0.002320 
0.002070 
0.001710 
0.001300 
0.000880 
0.000500 
0.000200 
0.000020 
-0.000020 
0.000070 
0.000250 
0.000490 
0.000710 
0.000870 
0.000950 
0.000960 
0.000880 
0.000730 
0.000530 
0.000270 
-0.000020 
-0.000370 
-0.000760 
-0.001150 
-0.001480 
-0.001700 
-0.001750 
-0.001660 
-0.001460 
-0.001240 
-0.001020 
-0.000820 
-0.000630 
-0.000470 
-0.000340 
-0.000270 
-0.000310 
-0.000440 
-0.000660 
-0.000910 
-0.001150 
-0.001360 
-0.001510 
-0.001580 
-0.001560 
-0.001430 
-0.001170 
-0.000810 
-0.000360 
0.000120 
0.000560 
0.000910 
0.001120 
0.001200 
0.001160 
0.001040 
0.000860 
0.000620 
0.000330 
0.000040 
-0.000200 
-0.000310 
-0.000260 
-0.000030 
0.000310 
0.000710 
0.001110 
0.001490 
0.001810 
0.002030 
0.002090 
0.001970 
0.001650 
0.001190 
0.000690 
0.000220 
-0.000150 
-0.000410 
-0.000560 
-0.000620 
-0.000570 
-0.000420 
-0.000140 
0.000230 
0.000660 
0.001050 
0.001310 
0.001360 
0.001180 
0.000810 
0.000340 
-0.000150 
-0.000580 
-0.000930 
-0.001210 
-0.001400 
-0.001470 
-0.001380 
-0.001120 
-0.000750 
-0.000340 
0.000020 
0.000260 
0.000380 
0.000420 
0.000390 
0.000280 
0.000070 
-0.000270 
-0.000690 
-0.001110 
-0.001440 
-0.001600 
-0.001590 
-0.001430 
-0.001170 
-0.000870 
-0.000560 
-0.000240 
0.000060 
0.000320 
0.000500 
0.000590 
0.000560 
0.000420 
0.000230 
0.000010 
-0.000190 
-0.000380 
-0.000550 
-0.000700 
-0.000790 
-0.000740 
-0.000530 
-0.000170 
0.000270 
0.000660 
0.000920 
0.001030 
0.001030 
0.000990 
0.000940 
0.000880 
0.000760 
0.000540 
