0.000760 
0.001850 
0.004090 
0.007850 
0.013030 
0.019250 
0.025940 
0.032430 
0.038040 
0.042360 
0.045600 
0.048470 
0.051350 
0.053520 
0.053100 
0.048000 
0.037240 
0.022060 
0.005910 
-0.006880 
-0.012930 
-0.011260 
-0.003750 
0.005340 
0.011100 
0.010070 
0.002110 
-0.009420 
-0.019370 
-0.023780 
-0.021970 
-0.016470 
-0.011080 
-0.008410 
-0.008340 
-0.008100 
-0.004030 
0.005860 
0.020090 
0.033890 
0.041270 
0.038040 
0.024260 
0.004540 
-0.014020 
-0.025440 
-0.027800 
-0.023780 
-0.018620 
-0.016950 
-0.020060 
-0.025320 
-0.027900 
-0.023920 
-0.013030 
0.001060 
0.012590 
0.016920 
0.013180 
0.004690 
-0.002960 
-0.005170 
-0.000820 
0.007140 
0.013590 
0.014290 
0.008310 
-0.001610 
-0.010760 
-0.015300 
-0.014350 
-0.010130 
-0.006400 
-0.005980 
-0.009080 
-0.013230 
-0.014940 
-0.011930 
-0.004580 
0.004250 
0.010930 
0.013030 
0.010550 
0.005610 
0.001010 
-0.001410 
-0.001670 
-0.001290 
-0.002090 
-0.004880 
-0.008910 
-0.012410 
-0.013690 
-0.012180 
-0.008630 
-0.004640 
-0.001630 
-0.000170 
0.000180 
0.000300 
0.000830 
0.001740 
0.002460 
0.002370 
0.001310 
-0.000350 
-0.001950 
-0.003030 
-0.003600 
-0.004060 
-0.004820 
-0.005900 
-0.006840 
-0.007040 
-0.006190 
-0.004610 
-0.003090 
-0.002390 
-0.002730 
-0.003560 
-0.003910 
-0.003040 
-0.001000 
0.001310 
0.002670 
0.002230 
0.000180 
-0.002380 
-0.004100 
-0.004160 
-0.002890 
-0.001490 
-0.001310 
-0.002930 
-0.005720 
-0.008180 
-0.008830 
-0.007140 
-0.003890 
-0.000710 
0.000920 
0.000490 
-0.001240 
-0.002790 
-0.002900 
-0.001360 
0.000890 
0.002360 
0.001950 
-0.000320 
-0.003340 
-0.005580 
-0.005990 
-0.004620 
-0.002540 
-0.001090 
-0.001130 
-0.002490 
-0.004140 
-0.004910 
-0.004190 
-0.002360 
-0.000460 
0.000410 
-0.000150 
-0.001690 
-0.003180 
-0.003710 
-0.003010 
-0.001600 
-0.000430 
-0.000220 
-0.001040 
-0.002300 
-0.003140 
-0.003030 
-0.002090 
-0.000990 
-0.000470 
-0.000850 
-0.001870 
-0.002830 
-0.003130 
-0.002630 
-0.001770 
-0.001220 
-0.001410 
-0.002250 
-0.003160 
-0.003480 
-0.002960 
-0.001880 
-0.000950 
-0.000780 
-0.001480 
-0.002580 
-0.003310 
-0.003120 
-0.002080 
-0.000800 
-0.000120 
-0.000520 
-0.001830 
-0.003300 
-0.004080 
-0.003740 
-0.002530 
-0.001230 
-0.000670 
-0.001150 
-0.002310 
-0.003320 
-0.003430 
-0.002440 
-0.000830 
0.000510 
0.000840 
0.000040 
-0.001400 
-0.002620 
-0.002970 
-0.002380 
-0.001360 
-0.000620 
-0.000650 
-0.001390 
-0.002300 
-0.002710 
-0.002290 
-0.001190 
0.000000 
0.000640 
0.000430 
-0.000440 
-0.001440 
-0.002010 
-0.001960 
-0.001480 
-0.001040 
-0.001010 
-0.001470 
-0.002100 
-0.002440 
-0.002180 
-0.001370 
-0.000380 
0.000300 
0.000360 
-0.000140 
-0.000860 
-0.001370 
-0.001460 
-0.001230 
-0.000960 
-0.000970 
-0.001330 
-0.001850 
-0.002200 
-0.002130 
-0.001650 
-0.000980 
-0.000460 
-0.000310 
-0.000520 
-0.000880 
-0.001180 
-0.001290 
-0.001270 
-0.001270 
-0.001440 
-0.001750 
-0.002050 
-0.002150 
-0.001960 
-0.001540 
-0.001090 
-0.000820 
-0.000810 
-0.000990 
-0.001180 
-0.001240 
-0.001140 
-0.001030 
-0.001050 
-0.001300 
-0.001710 
-0.002090 
-0.002230 
-0.002060 
-0.001670 
-0.001270 
-0.001060 
-0.001100 
-0.001280 
-0.001410 
-0.001350 
-0.001120 
-0.000850 
-0.000720 
-0.000820 
-0.001090 
-0.001380 
-0.001500 
-0.001400 
-0.001150 
-0.000940 
-0.000920 
-0.001110 
-0.001400 
-0.001610 
-0.001610 
-0.001410 
-0.001140 
-0.000970 
-0.000980 
-0.001140 
-0.001280 
-0.001240 
-0.000990 
-0.000650 
-0.000410 
-0.000460 
-0.000790 
-0.001230 
-0.001540 
-0.001550 
-0.001260 
-0.000850 
-0.000570 
-0.000560 
-0.000750 
-0.000950 
-0.000950 
-0.000680 
-0.000270 
0.000040 
0.000050 
-0.000310 
-0.000870 
-0.001370 
-0.001620 
-0.001560 
-0.001310 
-0.001060 
-0.000950 
-0.000970 
-0.000980 
-0.000840 
-0.000480 
0.000010 
0.000430 
0.000590 
0.000420 
-0.000020 
-0.000510 
-0.000870 
-0.001020 
-0.000990 
-0.000940 
-0.000990 
-0.001140 
-0.001300 
-0.001270 
-0.000980 
-0.000480 
0.000050 
0.000370 
0.000320 
-0.000030 
-0.000510 
-0.000870 
-0.000990 
-0.000910 
-0.000790 
-0.000810 
-0.001010 
-0.001280 
-0.001410 
-0.001250 
-0.000800 
-0.000240 
0.000190 
0.000290 
0.000060 
-0.000370 
-0.000770 
-0.000990 
-0.001020 
-0.000960 
-0.000970 
-0.001110 
-0.001340 
-0.001520 
-0.001520 
-0.001320 
-0.001010 
-0.000740 
-0.000610 
-0.000660 
-0.000800 
-0.000920 
-0.000910 
-0.000800 
-0.000670 
-0.000610 
-0.000670 
-0.000820 
-0.000950 
-0.000980 
-0.000870 
-0.000680 
-0.000530 
-0.000520 
-0.000680 
-0.000920 
-0.001130 
-0.001180 
-0.001050 
-0.000810 
-0.000610 
-0.000550 
-0.000650 
-0.000820 
-0.000920 
-0.000860 
-0.000660 
-0.000420 
-0.000280 
-0.000330 
-0.000530 
-0.000750 
-0.000860 
-0.000780 
-0.000530 
-0.000240 
-0.000010 
0.000130 
0.000190 
0.000250 
0.000350 
0.000480 
0.000550 
0.000480 
0.000270 
-0.000030 
-0.000300 
-0.000450 
-0.000450 
-0.000350 
-0.000210 
-0.000070 
0.000070 
0.000240 
0.000460 
0.000710 
0.000920 
0.001010 
0.000920 
0.000670 
0.000310 
-0.000050 
-0.000330 
-0.000490 
-0.000530 
-0.000480 
-0.000380 
-0.000260 
-0.000140 
-0.000020 
0.000090 
0.000180 
0.000230 
0.000210 
0.000120 
-0.000040 
-0.000250 
-0.000470 
-0.000660 
-0.000790 
-0.000870 
-0.000900 
-0.000880 
-0.000800 
-0.000660 
-0.000480 
-0.000290 
-0.000160 
-0.000130 
-0.000210 
-0.000360 
-0.000510 
-0.000610 
-0.000660 
-0.000680 
-0.000720 
-0.000800 
-0.000880 
-0.000910 
-0.000840 
-0.000670 
-0.000470 
-0.000310 
-0.000250 
-0.000260 
-0.000320 
-0.000360 
-0.000360 
-0.000340 
-0.000310 
-0.000290 
-0.000290 
-0.000280 
-0.000240 
-0.000170 
-0.000110 
-0.000080 
-0.000110 
-0.000190 
-0.000290 
-0.000350 
-0.000340 
-0.000260 
-0.000140 
0.000000 
0.000100 
0.000180 
0.000230 
0.000290 
0.000340 
0.000380 
0.000350 
