0.002820 
0.002910 
0.001510 
-0.001130 
-0.004610 
-0.008440 
-0.012160 
-0.015410 
-0.018000 
-0.019950 
-0.021300 
-0.022030 
-0.022030 
-0.021140 
-0.019140 
-0.015810 
-0.011060 
-0.005100 
0.001600 
0.008370 
0.014340 
0.018620 
0.020540 
0.019840 
0.016760 
0.011990 
0.006600 
0.001750 
-0.001520 
-0.002580 
-0.001260 
0.002140 
0.006940 
0.012230 
0.017090 
0.020880 
0.023270 
0.024240 
0.024010 
0.022950 
0.021360 
0.019370 
0.016950 
0.014000 
0.010400 
0.006150 
0.001400 
-0.003490 
-0.008000 
-0.011610 
-0.013870 
-0.014580 
-0.013810 
-0.011980 
-0.009770 
-0.007920 
-0.007080 
-0.007570 
-0.009350 
-0.012020 
-0.014890 
-0.017250 
-0.018550 
-0.018560 
-0.017350 
-0.015310 
-0.012970 
-0.010890 
-0.009450 
-0.008780 
-0.008720 
-0.008880 
-0.008760 
-0.007950 
-0.006240 
-0.003620 
-0.000330 
0.003260 
0.006750 
0.009870 
0.012500 
0.014670 
0.016470 
0.018080 
0.019630 
0.021120 
0.022390 
0.023180 
0.023200 
0.022240 
0.020210 
0.017250 
0.013770 
0.010350 
0.007540 
0.005790 
0.005290 
0.005920 
0.007270 
0.008780 
0.009830 
0.009870 
0.008580 
0.005920 
0.002120 
-0.002400 
-0.007100 
-0.011490 
-0.015230 
-0.018150 
-0.020260 
-0.021720 
-0.022720 
-0.023410 
-0.023870 
-0.024070 
-0.023880 
-0.023130 
-0.021690 
-0.019540 
-0.016810 
-0.013820 
-0.010980 
-0.008720 
-0.007330 
-0.006920 
-0.007320 
-0.008190 
-0.009030 
-0.009350 
-0.008730 
-0.006970 
-0.004040 
-0.000120 
0.004450 
0.009290 
0.013980 
0.018230 
0.021890 
0.024930 
0.027380 
0.029290 
0.030620 
0.031280 
0.031140 
0.030020 
0.027840 
0.024640 
0.020650 
0.016230 
0.011820 
0.007950 
0.005080 
0.003510 
0.003300 
0.004220 
0.005850 
0.007600 
0.008850 
0.009070 
0.007920 
0.005270 
0.001210 
-0.004040 
-0.010120 
-0.016620 
-0.023130 
-0.029230 
-0.034600 
-0.038950 
-0.042030 
-0.043570 
-0.043350 
-0.041190 
-0.037090 
-0.031250 
-0.024110 
-0.016360 
-0.008790 
-0.002190 
0.002760 
0.005630 
0.006290 
0.004960 
0.002190 
-0.001210 
-0.004350 
-0.006440 
-0.006860 
-0.005290 
-0.001730 
0.003500 
0.009930 
0.016940 
0.023890 
0.030180 
0.035260 
0.038740 
0.040320 
0.039850 
0.037320 
0.032870 
0.026820 
0.019650 
0.011990 
0.004560 
-0.001880 
-0.006680 
-0.009430 
-0.010020 
-0.008630 
-0.005790 
-0.002280 
0.001030 
0.003340 
0.004050 
0.002860 
-0.000170 
-0.004660 
-0.010030 
-0.015570 
-0.020600 
-0.024560 
-0.027070 
-0.027960 
-0.027240 
-0.025070 
-0.021670 
-0.017330 
-0.012390 
-0.007220 
-0.002210 
0.002210 
0.005680 
0.007880 
0.008640 
0.007990 
0.006160 
0.003570 
0.000810 
-0.001470 
-0.002690 
-0.002410 
-0.000490 
0.002930 
0.007440 
0.012450 
0.017300 
0.021340 
0.024100 
0.025310 
0.024930 
0.023160 
0.020370 
0.016990 
0.013440 
0.010020 
0.006960 
0.004380 
0.002380 
0.000990 
0.000250 
0.000160 
0.000710 
0.001740 
0.003040 
0.004310 
0.005270 
0.005580 
0.004970 
0.003290 
0.000530 
-0.003120 
-0.007310 
-0.011620 
-0.015630 
-0.018940 
-0.021290 
-0.022550 
-0.022750 
-0.022030 
-0.020640 
-0.018890 
-0.017100 
-0.015560 
-0.014410 
-0.013690 
-0.013360 
-0.013310 
-0.013430 
-0.013530 
-0.013460 
-0.013020 
-0.012060 
-0.010450 
-0.008070 
-0.004860 
-0.000850 
0.003880 
0.009140 
0.014620 
0.019910 
0.024490 
0.027850 
0.029550 
0.029340 
0.027250 
0.023590 
0.019020 
0.014310 
0.010310 
0.007740 
0.007050 
0.008400 
0.011580 
0.016040 
0.020990 
0.025530 
0.028750 
0.029870 
0.028360 
0.023940 
0.016660 
0.006870 
-0.004810 
-0.017530 
-0.030270 
-0.041930 
-0.051460 
-0.057940 
-0.060670 
-0.059350 
-0.054110 
-0.045510 
-0.034470 
-0.022270 
-0.010360 
-0.000200 
0.006960 
0.010250 
0.009350 
0.004560 
-0.003240 
-0.012690 
-0.022180 
-0.030040 
-0.034780 
-0.035320 
-0.031070 
-0.022080 
-0.008930 
0.007230 
0.024890 
0.042300 
0.057750 
0.069700 
0.076900 
0.078590 
0.074620 
0.065490 
0.052260 
0.036500 
0.020080 
0.004940 
-0.007160 
-0.014870 
-0.017490 
-0.015010 
-0.008100 
0.001920 
0.013270 
0.023980 
0.032200 
0.036450 
0.035820 
0.030030 
0.019510 
0.005250 
-0.011310 
-0.028500 
-0.044610 
-0.058040 
-0.067510 
-0.072160 
-0.071710 
-0.066370 
-0.056890 
-0.044420 
-0.030410 
-0.016420 
-0.003950 
0.005720 
0.011680 
0.013470 
0.011210 
0.005540 
-0.002400 
-0.011180 
-0.019260 
-0.025200 
-0.027870 
-0.026640 
-0.021450 
-0.012730 
-0.001380 
0.011410 
0.024320 
0.036140 
0.045840 
0.052720 
0.056430 
0.056950 
0.054500 
0.049540 
0.042700 
0.034730 
0.026420 
0.018530 
0.011730 
0.006500 
0.003150 
0.001750 
0.002120 
0.003860 
0.006360 
0.008870 
0.010700 
0.011280 
0.010220 
0.007380 
0.002870 
-0.002990 
-0.009740 
-0.016890 
-0.023920 
-0.030310 
-0.035670 
-0.039710 
-0.042270 
-0.043270 
-0.042750 
-0.040770 
-0.037460 
-0.032980 
-0.027590 
-0.021640 
-0.015520 
-0.009670 
-0.004520 
-0.000380 
0.002530 
0.004160 
0.004610 
0.004180 
0.003300 
0.002500 
0.002270 
0.003040 
0.005030 
0.008260 
0.012540 
0.017530 
0.022830 
0.027970 
0.032500 
0.036000 
0.038130 
0.038670 
0.037480 
0.034600 
0.030170 
0.024430 
0.017760 
0.010590 
0.003430 
-0.003200 
-0.008800 
-0.012960 
-0.015500 
-0.016460 
-0.016080 
-0.014800 
-0.013140 
-0.011670 
-0.010920 
-0.011340 
-0.013170 
-0.016440 
-0.020920 
-0.026160 
-0.031510 
-0.036310 
-0.039920 
-0.041800 
-0.041620 
-0.039220 
-0.034720 
-0.028450 
-0.020980 
-0.012960 
-0.005070 
0.002070 
0.007950 
0.012290 
0.015000 
0.016200 
0.016180 
0.015420 
0.014490 
0.014010 
0.014510 
0.016310 
0.019520 
0.024000 
0.029330 
0.034950 
0.040170 
0.044310 
0.046810 
0.047240 
0.045420 
0.041450 
0.035700 
0.028700 
0.021120 
0.013590 
0.006660 
0.000770 
-0.003810 
-0.006970 
-0.008790 
-0.009500 
-0.009490 
-0.009280 
-0.009370 
-0.010230 
-0.012180 
-0.015400 
-0.019900 
-0.025490 
-0.031770 
-0.038140 
-0.043950 
-0.048520 
-0.051280 
-0.051840 
-0.050020 
-0.045940 
-0.039940 
-0.032530 
-0.024370 
-0.016150 
-0.008550 
-0.002110 
0.002850 
0.006250 
0.008220 
0.009070 
0.009200 
0.009060 
0.009120 
0.009740 
0.011210 
0.013720 
0.017310 
0.021870 
0.027100 
0.032630 
0.038020 
0.042800 
0.046520 
0.048790 
0.049360 
0.048110 
0.045110 
0.040560 
0.034820 
0.028320 
0.021520 
0.014850 
0.008660 
0.003230 
-0.001320 
-0.004950 
-0.007690 
-0.009660 
-0.011000 
-0.011890 
-0.012550 
-0.013230 
-0.014160 
-0.015560 
-0.017590 
-0.020370 
-0.023920 
-0.028090 
-0.032630 
-0.037160 
-0.041240 
-0.044420 
-0.046240 
-0.046380 
-0.044640 
-0.040990 
-0.035600 
-0.028830 
-0.021200 
-0.013290 
-0.005680 
0.001130 
0.006740 
0.010910 
0.013510 
0.014590 
0.014350 
0.013130 
0.011390 
0.009610 
0.008340 
0.008020 
0.008980 
0.011390 
0.015190 
0.020140 
0.025790 
0.031510 
0.036550 
0.040170 
0.041750 
0.040890 
0.037500 
0.031770 
0.024220 
0.015580 
0.006700 
-0.001570 
-0.008500 
-0.013540 
-0.016440 
-0.017230 
-0.016200 
-0.013840 
-0.010750 
-0.007530 
-0.004810 
-0.003090 
-0.002730 
-0.003850 
-0.006400 
-0.010090 
-0.014460 
-0.018970 
-0.022990 
-0.025950 
-0.027360 
-0.026920 
-0.024510 
-0.020220 
-0.014400 
-0.007650 
-0.000670 
0.005730 
0.010840 
0.014110 
0.015300 
0.014440 
0.011850 
0.008030 
0.003600 
-0.000770 
-0.004470 
-0.007020 
-0.008110 
-0.007620 
-0.005620 
-0.002350 
0.001780 
0.006300 
0.010700 
0.014500 
0.017250 
0.018610 
0.018330 
0.016380 
0.012890 
0.008190 
0.002770 
-0.002750 
-0.007680 
-0.011440 
-0.013570 
-0.013860 
-0.012290 
-0.009040 
-0.004520 
0.000730 
0.006150 
0.011190 
0.015330 
0.018190 
0.019550 
0.019290 
0.017460 
0.014160 
0.009670 
0.004330 
-0.001370 
-0.006920 
-0.011780 
-0.015450 
-0.017540 
-0.017820 
-0.016230 
-0.012950 
-0.008380 
-0.003070 
0.002300 
0.007060 
0.010610 
0.012520 
0.012580 
0.010790 
0.007340 
0.002590 
-0.002940 
-0.008670 
-0.014010 
-0.018430 
-0.021460 
-0.022730 
-0.021970 
-0.019100 
-0.014250 
-0.007800 
-0.000340 
0.007370 
0.014510 
0.020270 
0.023990 
0.025260 
0.023940 
0.020220 
0.014620 
0.007860 
0.000830 
-0.005580 
-0.010560 
-0.013540 
-0.014250 
-0.012770 
-0.009440 
-0.004810 
0.000420 
0.005540 
0.009970 
0.013280 
0.015170 
0.015510 
0.014300 
0.011610 
0.007580 
0.002420 
-0.003560 
-0.009980 
-0.016310 
-0.021920 
-0.026160 
-0.028470 
-0.028470 
-0.026100 
-0.021670 
-0.015790 
-0.009320 
-0.003200 
0.001770 
0.005040 
0.006400 
0.006000 
0.004240 
0.001670 
-0.001160 
-0.003780 
-0.005860 
-0.007230 
-0.007820 
-0.007580 
-0.006510 
-0.004630 
-0.001940 
0.001550 
0.005740 
0.010410 
0.015270 
0.019890 
0.023790 
0.026470 
0.027610 
0.027120 
0.025110 
0.021910 
0.017970 
0.013860 
0.010140 
0.007230 
0.005330 
0.004460 
0.004480 
0.005140 
0.006160 
0.007220 
0.008090 
0.008530 
0.008370 
0.007450 
0.005680 
0.003010 
-0.000570 
-0.004980 
-0.010040 
-0.015480 
-0.020960 
-0.026040 
-0.030280 
-0.033290 
-0.034770 
-0.034610 
-0.032880 
-0.029820 
-0.025820 
-0.021380 
-0.017000 
-0.013080 
-0.009900 
-0.007610 
-0.006250 
-0.005740 
-0.005940 
-0.006620 
-0.007500 
-0.008220 
-0.008380 
-0.007600 
-0.005600 
-0.002210 
0.002530 
0.008420 
0.015100 
0.022060 
0.028710 
0.034470 
0.038810 
0.041330 
0.041860 
0.040420 
0.037300 
0.032920 
0.027790 
0.022510 
0.017680 
0.013740 
0.010950 
0.009340 
0.008780 
0.008940 
0.009390 
0.009720 
0.009560 
0.008650 
0.006820 
0.004010 
0.000310 
-0.004130 
-0.009100 
-0.014310 
-0.019420 
-0.024080 
-0.027920 
-0.030650 
-0.032050 
-0.032010 
-0.030570 
-0.028000 
-0.024680 
-0.021110 
-0.017800 
-0.015210 
-0.013680 
-0.013340 
-0.014100 
-0.015660 
-0.017570 
-0.019270 
-0.020220 
-0.019930 
-0.018080 
-0.014600 
-0.009630 
-0.003480 
0.003380 
0.010360 
0.016870 
0.022330 
0.026330 
0.028580 
0.029020 
0.027800 
0.025260 
0.021830 
0.018000 
0.014310 
0.011250 
0.009190 
0.008400 
0.009000 
0.010940 
0.013950 
0.017600 
0.021280 
0.024350 
0.026150 
0.026160 
0.024070 
0.019830 
0.013660 
0.006080 
-0.002230 
-0.010470 
-0.017840 
-0.023720 
-0.027650 
-0.029430 
-0.029170 
-0.027180 
-0.023960 
-0.020090 
-0.016190 
-0.012780 
-0.010270 
-0.008910 
-0.008790 
-0.009840 
-0.011840 
-0.014470 
-0.017320 
-0.019950 
-0.021880 
-0.022680 
-0.022020 
-0.019650 
-0.015510 
-0.009760 
-0.002790 
0.004860 
0.012490 
0.019420 
0.025010 
0.028800 
0.030530 
0.030180 
0.027990 
0.024420 
0.020060 
0.015480 
0.011170 
0.007490 
0.004700 
0.002930 
0.002220 
0.002460 
0.003510 
0.005130 
0.007030 
0.008880 
0.010320 
0.010960 
0.010480 
0.008600 
0.005190 
0.000320 
-0.005750 
-0.012530 
-0.019400 
-0.025660 
-0.030660 
-0.033870 
-0.034970 
-0.033870 
-0.030710 
-0.025850 
-0.019810 
-0.013220 
-0.006660 
-0.000660 
0.004370 
0.008130 
0.010500 
0.011450 
0.011090 
0.009630 
0.007380 
0.004720 
0.002090 
-0.000010 
-0.001130 
-0.000860 
0.001050 
0.004670 
0.009830 
0.016100 
0.022840 
0.029280 
0.034650 
0.038240 
0.039580 
0.038440 
0.034920 
0.029380 
0.022380 
0.014590 
0.006760 
-0.000410 
-0.006340 
-0.010560 
-0.012840 
-0.013140 
-0.011650 
-0.008760 
-0.005060 
-0.001260 
0.001870 
0.003590 
0.003330 
0.000790 
-0.004000 
-0.010660 
-0.018520 
-0.026760 
-0.034500 
-0.040870 
-0.045200 
-0.047060 
-0.046240 
-0.042830 
-0.037190 
-0.029890 
-0.021620 
-0.013150 
-0.005230 
0.001430 
0.006280 
0.008990 
0.009450 
0.007810 
0.004500 
0.000180 
-0.004280 
-0.007960 
-0.009960 
-0.009570 
-0.006370 
-0.000280 
0.008340 
0.018730 
0.029800 
0.040350 
0.049210 
0.055370 
0.058170 
0.057400 
0.053240 
0.046240 
0.037230 
0.027170 
0.017090 
0.007970 
0.000580 
-0.004530 
-0.007080 
-0.007130 
-0.005030 
-0.001400 
0.002960 
0.007150 
0.010300 
0.011640 
0.010610 
0.006920 
0.000640 
-0.007820 
-0.017740 
-0.028160 
-0.038050 
-0.046390 
-0.052340 
-0.055330 
-0.055110 
-0.051780 
-0.045820 
-0.038000 
-0.029250 
-0.020500 
-0.012580 
-0.006160 
-0.001660 
0.000710 
0.001050 
-0.000330 
-0.002910 
-0.006040 
-0.009030 
-0.011230 
-0.012140 
-0.011410 
-0.008880 
-0.004560 
0.001380 
0.008540 
0.016340 
0.024130 
0.031200 
0.036910 
0.040720 
0.042280 
0.041490 
0.038510 
0.033740 
0.027760 
0.021290 
0.015030 
0.009600 
0.005370 
0.002540 
0.001080 
0.000850 
0.001590 
0.003000 
0.004720 
0.006420 
0.007750 
0.008370 
0.008020 
0.006520 
0.003810 
-0.000060 
-0.004930 
-0.010530 
-0.016430 
-0.022130 
-0.027060 
-0.030690 
-0.032610 
-0.032610 
-0.030710 
-0.027150 
-0.022380 
-0.016930 
-0.011350 
-0.006130 
-0.001640 
0.001930 
0.004520 
0.006170 
0.006980 
0.007130 
0.006730 
0.005880 
0.004710 
0.003400 
0.002270 
0.001670 
0.001970 
0.003420 
0.006150 
0.010090 
0.014920 
0.020100 
0.024940 
0.028700 
0.030770 
0.030700 
0.028370 
0.023990 
0.018060 
0.011250 
0.004300 
-0.002120 
-0.007470 
-0.011430 
-0.013900 
-0.014970 
-0.014870 
-0.013880 
-0.012370 
-0.010690 
-0.009180 
-0.008140 
-0.007790 
-0.008280 
-0.009660 
-0.011870 
-0.014770 
-0.018030 
-0.021200 
-0.023770 
-0.025270 
-0.025310 
-0.023690 
-0.020440 
-0.015780 
-0.010110 
-0.003960 
0.002050 
0.007390 
0.011640 
0.014550 
0.016160 
0.016620 
0.016250 
0.015410 
0.014410 
0.013520 
0.012940 
0.012790 
0.013110 
0.013900 
0.015100 
0.016590 
0.018210 
0.019740 
0.020960 
0.021590 
0.021350 
0.020030 
0.017490 
0.013750 
0.009040 
0.003780 
-0.001570 
-0.006540 
-0.010770 
-0.014000 
-0.016150 
-0.017270 
-0.017570 
-0.017340 
-0.016920 
-0.016570 
-0.016490 
-0.016740 
-0.017310 
-0.018100 
-0.018980 
-0.019860 
-0.020640 
-0.021220 
-0.021510 
-0.021440 
-0.020910 
-0.019870 
-0.018270 
-0.016070 
-0.013290 
-0.010000 
-0.006330 
-0.002480 
0.001290 
0.004710 
0.007580 
0.009780 
0.011360 
0.012450 
0.013240 
0.013950 
0.014700 
0.015590 
0.016620 
0.017750 
0.018860 
0.019810 
0.020520 
0.020930 
0.021050 
0.020920 
0.020540 
0.019900 
0.018980 
0.017730 
0.016070 
0.013970 
0.011460 
0.008570 
0.005390 
0.002050 
-0.001270 
-0.004370 
-0.007090 
-0.009290 
-0.010880 
-0.011880 
-0.012380 
-0.012540 
-0.012500 
-0.012410 
-0.012400 
-0.012550 
-0.012920 
-0.013560 
-0.014450 
-0.015540 
-0.016690 
-0.017680 
-0.018320 
-0.018410 
-0.017820 
-0.016450 
-0.014240 
-0.011230 
-0.007490 
-0.003250 
0.001190 
0.005470 
0.009210 
0.012050 
0.013760 
0.014270 
0.013640 
0.012130 
0.010110 
0.007960 
0.006060 
0.004730 
0.004190 
0.004530 
0.005740 
0.007700 
0.010220 
0.013020 
0.015820 
0.018240 
0.019940 
0.020590 
0.019970 
0.017960 
0.014600 
0.010100 
0.004810 
-0.000810 
-0.006280 
-0.011080 
-0.014740 
-0.016920 
-0.017420 
-0.016270 
-0.013700 
-0.010150 
-0.006200 
-0.002450 
0.000550 
0.002350 
0.002690 
0.001510 
-0.001050 
-0.004670 
-0.008870 
-0.013140 
-0.016960 
-0.019880 
-0.021540 
-0.021720 
-0.020330 
-0.017430 
-0.013220 
-0.008020 
-0.002280 
0.003460 
0.008690 
0.012930 
0.015850 
0.017220 
0.016990 
0.015270 
0.012360 
0.008710 
0.004900 
0.001500 
-0.001020 
-0.002370 
-0.002400 
-0.001160 
0.001150 
0.004210 
0.007590 
0.010860 
0.013590 
0.015430 
0.016110 
0.015500 
0.013600 
0.010550 
0.006600 
0.002100 
-0.002580 
-0.007070 
-0.011010 
-0.014120 
-0.016220 
-0.017220 
-0.017140 
-0.016070 
-0.014180 
-0.011710 
-0.008920 
-0.006150 
-0.003700 
-0.001850 
-0.000800 
-0.000670 
-0.001450 
-0.002990 
-0.005030 
-0.007270 
-0.009350 
-0.010910 
-0.011660 
-0.011410 
-0.010070 
-0.007670 
-0.004350 
-0.000340 
0.004040 
0.008450 
0.012530 
0.015990 
0.018560 
0.020070 
0.020440 
0.019670 
0.017890 
0.015370 
0.012420 
0.009390 
0.006610 
0.004400 
0.002990 
0.002550 
0.003080 
0.004480 
0.006470 
0.008690 
0.010750 
0.012220 
0.012800 
0.012260 
0.010530 
0.007660 
0.003830 
-0.000710 
-0.005650 
-0.010630 
-0.015300 
-0.019330 
-0.022410 
-0.024290 
-0.024830 
-0.024020 
-0.022050 
-0.019190 
-0.015890 
-0.012610 
-0.009820 
-0.007870 
-0.006980 
-0.007210 
-0.008420 
-0.010340 
-0.012570 
-0.014670 
-0.016180 
-0.016730 
-0.016020 
-0.013970 
-0.010630 
-0.006190 
-0.000960 
0.004710 
0.010460 
0.015890 
0.020670 
0.024470 
0.027120 
0.028500 
0.028640 
0.027670 
0.025820 
0.023410 
0.020800 
0.018330 
0.016310 
0.014980 
0.014430 
0.014620 
0.015350 
0.016320 
0.017180 
0.017560 
0.017190 
0.015880 
0.013530 
0.010190 
0.006020 
0.001270 
-0.003770 
-0.008790 
-0.013520 
-0.017730 
-0.021260 
-0.023990 
-0.025890 
-0.026960 
-0.027250 
-0.026870 
-0.025970 
-0.024730 
-0.023330 
-0.021980 
-0.020810 
-0.019940 
-0.019420 
-0.019200 
-0.019160 
-0.019110 
-0.018840 
-0.018190 
-0.017040 
-0.015310 
-0.012990 
-0.010120 
-0.006780 
-0.003090 
0.000820 
0.004810 
0.008740 
0.012480 
0.015860 
0.018770 
0.021090 
0.022770 
0.023800 
0.024210 
0.024070 
0.023550 
0.022810 
0.022040 
0.021370 
0.020890 
0.020600 
0.020440 
0.020320 
0.020090 
0.019610 
0.018780 
0.017550 
0.015890 
0.013830 
0.011350 
0.008490 
0.005310 
0.001860 
-0.001780 
-0.005540 
-0.009270 
-0.012810 
-0.015960 
-0.018540 
-0.020440 
-0.021570 
-0.021980 
-0.021800 
-0.021210 
-0.020400 
-0.019570 
-0.018830 
-0.018280 
-0.017920 
-0.017690 
-0.017440 
-0.017020 
-0.016290 
-0.015190 
-0.013700 
-0.011820 
-0.009570 
-0.006990 
-0.004110 
-0.000980 
0.002340 
0.005720 
0.009050 
0.012140 
0.014820 
0.016930 
0.018360 
0.019090 
0.019160 
0.018680 
0.017820 
0.016770 
0.015720 
0.014760 
0.013960 
0.013320 
0.012750 
0.012150 
0.011400 
0.010390 
0.009030 
0.007290 
0.005190 
0.002800 
0.000240 
-0.002410 
-0.005050 
-0.007600 
-0.009990 
-0.012140 
-0.013980 
-0.015430 
-0.016420 
-0.016920 
-0.016900 
-0.016420 
-0.015570 
-0.014490 
-0.013310 
-0.012190 
-0.011240 
-0.010520 
-0.010000 
-0.009590 
-0.009140 
-0.008500 
-0.007520 
-0.006110 
-0.004250 
-0.001980 
0.000560 
0.003220 
0.005810 
0.008180 
0.010180 
0.011720 
0.012780 
0.013380 
0.013640 
0.013650 
0.013480 
0.013190 
0.012810 
0.012400 
0.012000 
0.011620 
0.011300 
0.011040 
0.010830 
0.010650 
0.010430 
0.010090 
0.009530 
0.008670 
0.007440 
0.005790 
0.003700 
0.001240 
-0.001460 
-0.004250 
-0.006950 
-0.009390 
-0.011470 
-0.013110 
-0.014300 
-0.015070 
-0.015510 
-0.015690 
-0.015710 
-0.015640 
-0.015550 
-0.015470 
-0.015400 
-0.015310 
-0.015180 
-0.015010 
-0.014790 
-0.014500 
-0.014080 
-0.013450 
-0.012560 
-0.011310 
-0.009620 
-0.007450 
-0.004810 
-0.001760 
0.001600 
0.005100 
0.008550 
0.011780 
0.014610 
0.016880 
0.018520 
0.019500 
0.019830 
0.019590 
0.018890 
0.017870 
0.016700 
0.015540 
0.014530 
0.013780 
0.013330 
0.013190 
0.013320 
0.013620 
0.013950 
0.014070 
0.013760 
0.012850 
0.011190 
0.008750 
0.005570 
0.001790 
-0.002390 
-0.006700 
-0.010850 
-0.014550 
-0.017550 
-0.019660 
-0.020780 
-0.020930 
-0.020190 
-0.018750 
-0.016810 
-0.014630 
-0.012450 
-0.010540 
-0.009180 
-0.008590 
-0.008880 
-0.009990 
-0.011740 
-0.013830 
-0.015880 
-0.017500 
-0.018290 
-0.018010 
-0.016530 
-0.013840 
-0.010120 
-0.005650 
-0.000840 
0.003910 
0.008240 
0.011850 
0.014520 
0.016160 
0.016780 
0.016500 
0.015490 
0.013980 
0.012260 
0.010610 
0.009290 
0.008520 
0.008420 
0.009040 
0.010350 
0.012180 
0.014310 
0.016460 
0.018320 
0.019550 
0.019880 
0.019160 
0.017390 
0.014630 
0.011080 
0.007000 
0.002710 
-0.001480 
-0.005280 
-0.008470 
-0.010910 
-0.012570 
-0.013490 
-0.013790 
-0.013630 
-0.013180 
-0.012610 
-0.012120 
-0.011810 
-0.011790 
-0.012070 
-0.012680 
-0.013550 
-0.014620 
-0.015770 
-0.016860 
-0.017740 
-0.018230 
-0.018190 
-0.017500 
-0.016130 
-0.014090 
-0.011450 
-0.008340 
-0.004900 
-0.001300 
0.002280 
0.005660 
0.008660 
0.011110 
0.012900 
0.013990 
0.014380 
0.014170 
0.013520 
0.012600 
0.011620 
0.010780 
0.010260 
0.010210 
0.010680 
0.011660 
0.013050 
0.014700 
0.016380 
0.017880 
0.018960 
0.019390 
0.018980 
0.017630 
0.015320 
0.012150 
0.008330 
0.004130 
-0.000150 
-0.004200 
-0.007770 
-0.010640 
-0.012680 
-0.013800 
-0.014010 
-0.013400 
-0.012150 
-0.010520 
-0.008800 
-0.007280 
-0.006270 
-0.006010 
-0.006650 
-0.008220 
-0.010580 
-0.013480 
-0.016540 
-0.019320 
-0.021410 
-0.022460 
-0.022220 
-0.020600 
-0.017650 
-0.013600 
-0.008790 
-0.003630 
0.001410 
0.005890 
0.009460 
0.011880 
0.013110 
0.013210 
0.012370 
0.010930 
0.009220 
0.007600 
0.006380 
0.005800 
0.006000 
0.007000 
0.008730 
0.011010 
0.013590 
0.016170 
0.018440 
0.020110 
0.020910 
0.020640 
0.019250 
0.016780 
0.013410 
0.009420 
0.005150 
0.000960 
-0.002820 
-0.005920 
-0.008170 
-0.009500 
-0.009930 
-0.009610 
-0.008760 
-0.007660 
-0.006570 
-0.005730 
-0.005300 
-0.005380 
-0.006020 
-0.007200 
-0.008790 
-0.010590 
-0.012370 
-0.013870 
-0.014870 
-0.015210 
-0.014830 
-0.013740 
-0.012020 
-0.009820 
-0.007300 
-0.004660 
-0.002090 
0.000220 
0.002120 
0.003520 
0.004410 
0.004820 
0.004870 
0.004640 
0.004280 
0.003920 
0.003710 
0.003760 
0.004160 
0.004920 
0.005970 
0.007200 
0.008440 
0.009570 
0.010420 
0.010860 
0.010770 
0.010120 
0.008890 
0.007170 
0.005040 
0.002640 
0.000130 
-0.002310 
-0.004530 
-0.006410 
-0.007830 
-0.008710 
-0.009010 
-0.008790 
-0.008140 
-0.007220 
-0.006190 
-0.005200 
-0.004400 
-0.003920 
-0.003860 
-0.004250 
-0.005050 
-0.006160 
-0.007350 
-0.008400 
-0.009050 
-0.009120 
-0.008460 
-0.006990 
-0.004700 
-0.001690 
0.001850 
0.005620 
0.009320 
0.012610 
0.015210 
0.016930 
0.017710 
0.017560 
0.016610 
0.015070 
0.013190 
0.011240 
0.009460 
0.008080 
0.007210 
0.006890 
0.007050 
0.007580 
0.008300 
0.009020 
0.009540 
0.009700 
0.009330 
0.008330 
0.006630 
0.004250 
0.001250 
-0.002210 
-0.005930 
-0.009600 
-0.012920 
-0.015600 
-0.017410 
-0.018180 
-0.017870 
-0.016600 
-0.014600 
-0.012210 
-0.009800 
-0.007760 
-0.006360 
-0.005800 
-0.006110 
-0.007190 
-0.008820 
-0.010690 
-0.012410 
-0.013610 
-0.014000 
-0.013380 
-0.011720 
-0.009120 
-0.005760 
-0.001930 
0.002070 
0.005930 
0.009360 
0.012080 
0.013900 
0.014720 
0.014550 
0.013500 
0.011780 
0.009680 
0.007540 
0.005670 
0.004370 
0.003810 
0.004020 
0.004920 
0.006260 
0.007760 
0.009130 
0.010070 
0.010380 
0.009920 
0.008650 
0.006620 
0.003990 
0.000940 
-0.002280 
-0.005450 
-0.008380 
-0.010910 
-0.012920 
-0.014300 
-0.014990 
-0.014940 
-0.014190 
-0.012880 
-0.011190 
-0.009320 
-0.007470 
-0.005770 
-0.004320 
-0.003160 
-0.002240 
-0.001450 
-0.000640 
0.000340 
0.001580 
0.003130 
0.004950 
0.006930 
0.008890 
0.010680 
0.012190 
0.013390 
0.014310 
0.015050 
0.015670 
0.016240 
0.016750 
0.017190 
0.017450 
0.017390 
0.016830 
0.015570 
0.013470 
0.010480 
0.006640 
0.002090 
-0.002940 
-0.008180 
-0.013350 
-0.018150 
-0.022310 
-0.025560 
-0.027710 
-0.028680 
-0.028510 
-0.027320 
-0.025340 
-0.022870 
-0.020240 
-0.017820 
-0.015940 
-0.014860 
-0.014720 
-0.015480 
-0.016900 
-0.018580 
-0.020030 
-0.020760 
-0.020320 
-0.018360 
-0.014680 
-0.009310 
-0.002460 
0.005430 
0.013800 
0.021980 
0.029330 
0.035280 
0.039400 
0.041460 
0.041410 
0.039460 
0.035990 
0.031500 
0.026550 
0.021730 
0.017530 
0.014330 
0.012370 
0.011710 
0.012250 
0.013730 
0.015740 
0.017780 
0.019300 
0.019770 
0.018720 
0.015910 
0.011290 
0.005070 
-0.002320 
-0.010260 
-0.018090 
-0.025120 
-0.030800 
-0.034680 
-0.036540 
-0.036390 
-0.034460 
-0.031160 
-0.026990 
-0.022510 
-0.018220 
-0.014570 
-0.011880 
-0.010350 
-0.010010 
-0.010690 
-0.012130 
-0.013940 
-0.015710 
-0.017040 
-0.017600 
-0.017130 
-0.015460 
-0.012540 
-0.008470 
-0.003500 
0.002030 
0.007700 
0.013050 
0.017660 
0.021200 
0.023520 
0.024580 
0.024510 
0.023510 
0.021900 
0.019990 
0.018080 
0.016390 
0.015030 
0.014060 
0.013460 
0.013240 
0.013380 
0.013840 
0.014550 
0.015390 
0.016180 
0.016720 
0.016780 
0.016140 
0.014630 
0.012190 
0.008870 
0.004810 
0.000260 
-0.004460 
-0.009030 
-0.013120 
-0.016500 
-0.019040 
-0.020690 
-0.021500 
-0.021580 
-0.021080 
-0.020140 
-0.018970 
-0.017730 
-0.016570 
-0.015630 
-0.015000 
-0.014790 
-0.015030 
-0.015710 
-0.016710 
-0.017810 
-0.018720 
-0.019100 
-0.018640 
-0.017120 
-0.014430 
-0.010610 
-0.005810 
-0.000270 
0.005670 
0.011590 
0.017080 
0.021780 
0.025450 
0.027930 
0.029210 
0.029360 
0.028510 
0.026850 
0.024580 
0.021950 
0.019220 
0.016630 
0.014420 
0.012750 
0.011700 
0.011200 
0.011060 
0.011030 
0.010800 
0.010080 
0.008630 
0.006310 
0.003110 
-0.000850 
-0.005360 
-0.010110 
-0.014790 
-0.019120 
-0.022850 
-0.025810 
-0.027870 
-0.028980 
-0.029130 
-0.028410 
-0.026950 
-0.024940 
-0.022590 
-0.020050 
-0.017460 
-0.014930 
-0.012530 
-0.010290 
-0.008220 
-0.006300 
-0.004440 
-0.002580 
-0.000660 
0.001330 
0.003380 
0.005460 
0.007550 
0.009640 
0.011690 
0.013700 
0.015610 
0.017370 
0.018920 
0.020220 
0.021280 
0.022080 
0.022600 
0.022830 
0.022710 
0.022190 
0.021260 
0.019920 
0.018180 
0.016060 
0.013610 
0.010900 
0.008050 
0.005160 
0.002380 
-0.000190 
-0.002480 
-0.004440 
-0.006070 
-0.007350 
-0.008330 
-0.009080 
-0.009690 
-0.010310 
-0.011040 
-0.012020 
-0.013290 
-0.014860 
-0.016690 
-0.018680 
-0.020730 
-0.022680 
-0.024320 
-0.025430 
-0.025790 
-0.025250 
-0.023750 
-0.021330 
-0.018130 
-0.014350 
-0.010250 
-0.006080 
-0.002100 
0.001470 
0.004500 
0.006930 
0.008820 
0.010290 
0.011460 
0.012460 
0.013420 
0.014430 
0.015530 
0.016770 
0.018170 
0.019710 
0.021350 
0.023010 
0.024590 
0.025960 
0.026970 
0.027490 
0.027360 
0.026440 
0.024600 
0.021840 
0.018230 
0.013960 
0.009270 
0.004430 
-0.000310 
-0.004770 
-0.008780 
-0.012230 
-0.015070 
-0.017310 
-0.019010 
-0.020250 
-0.021130 
-0.021740 
-0.022140 
-0.022390 
-0.022540 
-0.022650 
-0.022780 
-0.022980 
-0.023260 
-0.023590 
-0.023890 
-0.024010 
-0.023770 
-0.022960 
-0.021410 
-0.018990 
-0.015660 
-0.011480 
-0.006610 
-0.001290 
0.004180 
0.009480 
0.014320 
0.018450 
0.021680 
0.023890 
0.025040 
0.025180 
0.024450 
0.023100 
0.021410 
0.019640 
0.018030 
0.016780 
0.016020 
0.015800 
0.016140 
0.016920 
0.017950 
0.018950 
0.019600 
0.019600 
0.018700 
0.016770 
0.013770 
0.009790 
0.005010 
-0.000290 
-0.005780 
-0.011060 
-0.015770 
-0.019600 
-0.022350 
-0.023950 
-0.024470 
-0.024070 
-0.022950 
-0.021390 
-0.019650 
-0.018000 
-0.016680 
-0.015860 
-0.015610 
-0.015910 
-0.016640 
-0.017620 
-0.018610 
-0.019350 
-0.019590 
-0.019140 
-0.017830 
-0.015630 
-0.012590 
-0.008840 
-0.004620 
-0.000170 
0.004280 
0.008530 
0.012410 
0.015820 
0.018700 
0.021000 
0.022720 
0.023890 
0.024550 
0.024790 
0.024660 
0.024260 
0.023650 
0.022950 
0.022260 
0.021660 
0.021140 
0.020660 
0.020110 
0.019400 
0.018420 
0.017100 
0.015390 
0.013290 
0.010780 
0.007900 
0.004680 
0.001190 
-0.002520 
-0.006390 
-0.010340 
-0.014300 
-0.018170 
-0.021800 
-0.025030 
-0.027700 
-0.029640 
-0.030770 
-0.031020 
-0.030400 
-0.029000 
-0.026970 
-0.024520 
-0.021850 
-0.019200 
-0.016740 
-0.014570 
-0.012750 
-0.011250 
-0.010000 
-0.008870 
-0.007730 
-0.006400 
-0.004730 
-0.002580 
0.000150 
0.003460 
0.007280 
0.011470 
0.015820 
0.020080 
0.024000 
0.027320 
0.029820 
0.031330 
0.031770 
0.031120 
0.029480 
0.027000 
0.023930 
0.020530 
0.017100 
0.013890 
0.011110 
0.008840 
0.007140 
0.005970 
0.005200 
0.004670 
0.004150 
0.003400 
0.002250 
0.000600 
-0.001630 
-0.004420 
-0.007700 
-0.011280 
-0.014970 
-0.018500 
-0.021630 
-0.024170 
-0.025970 
-0.026960 
-0.027130 
-0.026500 
-0.025130 
-0.023120 
-0.020650 
-0.017920 
-0.015130 
-0.012450 
-0.010000 
-0.007840 
-0.006030 
-0.004560 
-0.003410 
-0.002510 
-0.001780 
-0.001110 
-0.000390 
0.000520 
0.001700 
0.003230 
0.005110 
0.007340 
0.009870 
0.012610 
0.015420 
0.018130 
0.020550 
0.022510 
0.023870 
0.024510 
0.024370 
0.023400 
0.021650 
0.019210 
0.016240 
0.012940 
0.009530 
0.006240 
0.003280 
0.000810 
-0.001070 
-0.002310 
-0.002950 
-0.003120 
-0.002980 
-0.002750 
-0.002660 
-0.002930 
-0.003710 
-0.005090 
-0.007100 
-0.009670 
-0.012670 
-0.015930 
-0.019170 
-0.022090 
-0.024340 
-0.025620 
-0.025710 
-0.024510 
-0.022060 
-0.018510 
-0.014130 
-0.009260 
-0.004320 
0.000300 
0.004270 
0.007320 
0.009310 
0.010220 
0.010170 
0.009390 
0.008200 
0.006900 
0.005820 
0.005270 
0.005440 
0.006460 
0.008320 
0.010900 
0.013970 
0.017230 
0.020290 
0.022800 
0.024400 
0.024820 
0.023920 
0.021640 
0.018120 
0.013610 
0.008490 
0.003170 
-0.001910 
-0.006390 
-0.009950 
-0.012410 
-0.013710 
-0.013920 
-0.013260 
-0.012000 
-0.010470 
-0.008960 
-0.007770 
-0.007090 
-0.007040 
-0.007700 
-0.009040 
-0.010930 
-0.013200 
-0.015570 
-0.017750 
-0.019430 
-0.020350 
-0.020310 
-0.019220 
-0.017080 
-0.014000 
-0.010190 
-0.005920 
-0.001520 
0.002680 
0.006370 
0.009310 
0.011390 
0.012580 
0.012940 
0.012590 
0.011700 
0.010500 
0.009240 
0.008170 
0.007480 
0.007310 
0.007730 
0.008720 
0.010190 
0.012020 
0.014020 
0.015980 
0.017670 
0.018850 
0.019340 
0.019000 
0.017770 
0.015660 
0.012770 
0.009270 
0.005410 
0.001460 
-0.002300 
-0.005610 
-0.008310 
-0.010260 
-0.011460 
-0.011960 
-0.011860 
-0.011310 
-0.010490 
-0.009590 
-0.008810 
-0.008330 
-0.008290 
-0.008780 
-0.009810 
-0.011340 
-0.013230 
-0.015280 
-0.017240 
-0.018820 
-0.019750 
-0.019810 
-0.018880 
-0.016930 
-0.014080 
-0.010530 
-0.006550 
-0.002410 
0.001600 
0.005260 
0.008360 
0.010790 
0.012460 
0.013350 
0.013530 
0.013120 
0.012270 
0.011230 
0.010220 
0.009440 
0.009070 
0.009220 
0.009950 
0.011170 
0.012740 
0.014410 
0.015910 
0.016970 
0.017340 
0.016880 
0.015490 
0.013220 
0.010190 
0.006620 
0.002790 
-0.001030 
-0.004590 
-0.007680 
-0.010190 
-0.012060 
-0.013300 
-0.013950 
-0.014080 
-0.013780 
-0.013160 
-0.012340 
-0.011450 
-0.010620 
-0.009960 
-0.009540 
-0.009390 
-0.009490 
-0.009770 
-0.010150 
-0.010490 
-0.010650 
-0.010470 
-0.009840 
-0.008690 
-0.007020 
-0.004920 
-0.002490 
0.000120 
0.002780 
0.005340 
0.007680 
0.009700 
0.011320 
0.012530 
0.013320 
0.013720 
0.013740 
0.013410 
0.012750 
0.011830 
0.010730 
0.009560 
0.008410 
0.007360 
0.006480 
0.005790 
0.005300 
0.004980 
0.004740 
0.004520 
0.004200 
0.003690 
0.002900 
0.001780 
0.000330 
-0.001450 
-0.003510 
-0.005760 
-0.008110 
-0.010420 
-0.012540 
-0.014330 
-0.015680 
-0.016490 
-0.016740 
-0.016420 
-0.015550 
-0.014240 
-0.012610 
-0.010830 
-0.009050 
-0.007440 
-0.006100 
-0.005080 
-0.004330 
-0.003800 
-0.003380 
-0.002930 
-0.002380 
-0.001610 
-0.000570 
0.000790 
0.002470 
0.004470 
0.006700 
0.009050 
0.011410 
0.013640 
0.015640 
0.017280 
0.018470 
0.019150 
0.019270 
0.018860 
0.018000 
0.016790 
0.015350 
0.013800 
0.012200 
0.010620 
0.009130 
0.007730 
0.006430 
0.005160 
0.003870 
0.002490 
0.000960 
-0.000740 
-0.002590 
-0.004550 
-0.006570 
-0.008600 
-0.010570 
-0.012430 
-0.014110 
-0.015570 
-0.016780 
-0.017730 
-0.018390 
-0.018760 
-0.018840 
-0.018640 
-0.018170 
-0.017450 
-0.016490 
-0.015320 
-0.013960 
-0.012410 
-0.010650 
-0.008680 
-0.006530 
-0.004280 
-0.001980 
0.000290 
0.002480 
0.004540 
0.006450 
0.008160 
0.009670 
0.010960 
0.012050 
0.012950 
0.013700 
0.014350 
0.014890 
0.015330 
0.015670 
0.015890 
0.016000 
0.015990 
0.015790 
0.015350 
0.014610 
0.013530 
0.012090 
0.010320 
0.008260 
0.005990 
0.003570 
0.001100 
-0.001310 
-0.003520 
-0.005410 
-0.006930 
-0.008080 
-0.008920 
-0.009520 
-0.009930 
-0.010240 
-0.010480 
-0.010710 
-0.010990 
-0.011330 
-0.011750 
-0.012190 
-0.012620 
-0.012940 
-0.013110 
-0.013050 
-0.012730 
-0.012080 
-0.011070 
-0.009680 
-0.007940 
-0.005920 
-0.003710 
-0.001430 
0.000810 
0.002880 
0.004680 
0.006130 
0.007190 
0.007880 
0.008250 
0.008380 
0.008380 
0.008330 
0.008320 
0.008410 
0.008610 
0.008930 
0.009360 
0.009880 
0.010430 
0.010930 
0.011320 
0.011520 
0.011460 
0.011090 
0.010370 
0.009260 
0.007790 
0.006010 
0.004020 
0.001920 
-0.000160 
-0.002130 
-0.003930 
-0.005510 
-0.006860 
-0.007950 
-0.008780 
-0.009300 
-0.009550 
-0.009530 
-0.009300 
-0.008950 
-0.008590 
-0.008290 
-0.008140 
-0.008170 
-0.008420 
-0.008870 
-0.009460 
-0.010060 
-0.010540 
-0.010730 
-0.010520 
-0.009800 
-0.008530 
-0.006730 
-0.004490 
-0.001950 
0.000730 
0.003390 
0.005890 
0.008100 
0.009910 
0.011280 
0.012170 
0.012600 
0.012590 
0.012190 
0.011470 
0.010540 
0.009560 
0.008670 
0.008000 
0.007650 
0.007640 
0.007970 
0.008520 
0.009180 
0.009770 
0.010090 
0.009960 
0.009230 
0.007830 
0.005760 
0.003130 
0.000110 
-0.003060 
-0.006140 
-0.008920 
-0.011230 
-0.012900 
-0.013870 
-0.014120 
-0.013700 
-0.012760 
-0.011470 
-0.010040 
-0.008650 
-0.007460 
-0.006580 
-0.006080 
-0.005980 
-0.006240 
-0.006780 
-0.007480 
-0.008170 
-0.008670 
-0.008830 
-0.008540 
-0.007710 
-0.006280 
-0.004290 
-0.001830 
0.000950 
0.003820 
0.006550 
0.008950 
0.010880 
0.012220 
0.012900 
0.012930 
0.012370 
0.011350 
0.010060 
0.008720 
0.007510 
0.006590 
0.006060 
0.005930 
0.006190 
0.006750 
0.007520 
0.008380 
0.009190 
0.009790 
0.010040 
0.009840 
0.009130 
0.007900 
0.006190 
0.004050 
0.001590 
-0.001050 
-0.003720 
-0.006220 
-0.008370 
-0.010030 
-0.011150 
-0.011690 
-0.011680 
-0.011200 
-0.010360 
-0.009330 
-0.008300 
-0.007440 
-0.006880 
-0.006700 
-0.006890 
-0.007390 
-0.008070 
-0.008790 
-0.009410 
-0.009790 
-0.009810 
-0.009360 
-0.008370 
-0.006860 
-0.004860 
-0.002480 
0.000170 
0.002950 
0.005700 
0.008250 
0.010450 
0.012170 
0.013330 
0.013890 
0.013870 
0.013350 
0.012460 
0.011380 
0.010250 
0.009210 
0.008360 
0.007790 
0.007490 
0.007430 
0.007510 
0.007620 
0.007630 
0.007430 
0.006930 
0.006090 
0.004860 
0.003240 
0.001230 
-0.001090 
-0.003600 
-0.006140 
-0.008540 
-0.010620 
-0.012250 
-0.013330 
-0.013830 
-0.013760 
-0.013190 
-0.012230 
-0.011020 
-0.009730 
-0.008500 
-0.007430 
-0.006560 
-0.005880 
-0.005360 
-0.004980 
-0.004680 
-0.004420 
-0.004150 
-0.003790 
-0.003280 
-0.002530 
-0.001510 
-0.000190 
0.001410 
0.003220 
0.005160 
0.007120 
0.008960 
0.010530 
0.011700 
0.012380 
0.012550 
0.012250 
0.011560 
0.010580 
0.009440 
0.008290 
0.007230 
0.006350 
0.005690 
0.005240 
0.004980 
0.004830 
0.004740 
0.004610 
0.004390 
0.004020 
0.003480 
0.002750 
0.001800 
0.000640 
-0.000690 
-0.002140 
-0.003650 
-0.005130 
-0.006530 
-0.007780 
-0.008800 
-0.009520 
-0.009910 
-0.009960 
-0.009700 
-0.009210 
-0.008580 
-0.007910 
-0.007260 
-0.006680 
-0.006190 
-0.005800 
-0.005500 
-0.005260 
-0.004990 
-0.004640 
-0.004130 
-0.003430 
-0.002570 
-0.001550 
-0.000420 
0.000810 
0.002100 
0.003430 
0.004750 
0.005980 
0.007100 
0.008070 
0.008900 
0.009540 
0.010000 
0.010260 
0.010330 
0.010220 
0.009920 
0.009470 
0.008920 
0.008280 
0.007580 
0.006810 
0.005980 
0.005080 
0.004130 
0.003140 
0.002120 
0.001030 
-0.000110 
-0.001300 
-0.002530 
-0.003790 
-0.005020 
-0.006210 
-0.007320 
-0.008340 
-0.009230 
-0.009980 
-0.010540 
-0.010930 
-0.011160 
-0.011260 
-0.011220 
-0.011060 
-0.010760 
-0.010280 
-0.009600 
-0.008710 
-0.007630 
-0.006390 
-0.005030 
-0.003610 
-0.002180 
-0.000770 
0.000580 
0.001870 
0.003070 
0.004200 
0.005250 
0.006250 
0.007190 
0.008060 
0.008840 
0.009490 
0.010010 
0.010400 
0.010670 
0.010820 
0.010840 
0.010730 
0.010490 
0.010130 
0.009640 
0.009030 
0.008280 
0.007400 
0.006370 
0.005230 
0.004020 
0.002740 
0.001430 
0.000070 
-0.001310 
-0.002680 
-0.003970 
-0.005130 
-0.006110 
-0.006900 
-0.007510 
-0.007970 
-0.008330 
-0.008580 
-0.008750 
-0.008850 
-0.008880 
-0.008890 
-0.008870 
-0.008800 
-0.008680 
-0.008470 
-0.008160 
-0.007760 
-0.007270 
-0.006680 
-0.005990 
-0.005160 
-0.004160 
-0.003010 
-0.001690 
-0.000270 
0.001210 
0.002690 
0.004100 
0.005390 
0.006480 
0.007350 
0.007990 
0.008400 
0.008630 
0.008730 
0.008750 
0.008730 
0.008700 
0.008680 
0.008680 
0.008670 
0.008660 
0.008610 
0.008500 
0.008310 
0.007980 
0.007500 
0.006840 
0.005980 
0.004910 
0.003620 
0.002140 
0.000490 
-0.001280 
-0.003090 
-0.004850 
-0.006460 
-0.007860 
-0.008980 
-0.009800 
-0.010330 
-0.010580 
-0.010600 
-0.010450 
-0.010210 
-0.009940 
-0.009690 
-0.009480 
-0.009280 
-0.009090 
-0.008860 
-0.008560 
-0.008130 
-0.007530 
-0.006700 
-0.005630 
-0.004350 
-0.002890 
-0.001280 
0.000420 
0.002200 
0.004010 
0.005810 
0.007510 
0.009020 
0.010280 
0.011240 
0.011870 
0.012180 
0.012220 
0.012020 
0.011620 
0.011070 
0.010410 
0.009710 
0.009000 
0.008320 
0.007650 
0.006940 
0.006180 
0.005340 
0.004410 
0.003390 
0.002250 
0.000980 
-0.000420 
-0.001950 
-0.003530 
-0.005110 
-0.006620 
-0.007980 
-0.009140 
-0.010070 
-0.010740 
-0.011150 
-0.011300 
-0.011220 
-0.010930 
-0.010500 
-0.009930 
-0.009240 
-0.008450 
-0.007580 
-0.006650 
-0.005700 
-0.004790 
-0.003920 
-0.003120 
-0.002370 
-0.001670 
-0.000960 
-0.000230 
0.000570 
0.001470 
0.002500 
0.003670 
0.004960 
0.006310 
0.007610 
0.008790 
0.009770 
0.010500 
0.010970 
0.011170 
0.011110 
0.010810 
0.010300 
0.009620 
0.008810 
0.007910 
0.006970 
0.006040 
0.005170 
0.004380 
0.003720 
0.003180 
0.002750 
0.002370 
0.001990 
0.001530 
0.000920 
0.000120 
-0.000900 
-0.002160 
-0.003640 
-0.005270 
-0.006970 
-0.008620 
-0.010120 
-0.011340 
-0.012200 
-0.012660 
-0.012710 
-0.012370 
-0.011710 
-0.010800 
-0.009750 
-0.008650 
-0.007610 
-0.006700 
-0.005980 
-0.005440 
-0.005040 
-0.004720 
-0.004410 
-0.004060 
-0.003620 
-0.003020 
-0.002210 
-0.001120 
0.000260 
0.001920 
0.003770 
0.005720 
0.007650 
0.009430 
0.010940 
0.012110 
0.012850 
0.013140 
0.012970 
0.012390 
0.011480 
0.010350 
0.009100 
0.007860 
0.006690 
0.005670 
0.004830 
0.004190 
0.003720 
0.003360 
0.003010 
0.002580 
0.001980 
0.001150 
0.000110 
-0.001120 
-0.002510 
-0.004000 
-0.005540 
-0.007020 
-0.008370 
-0.009500 
-0.010360 
-0.010920 
-0.011200 
-0.011190 
-0.010900 
-0.010300 
-0.009430 
-0.008300 
-0.007000 
-0.005640 
-0.004340 
-0.003200 
-0.002270 
-0.001600 
-0.001150 
-0.000870 
-0.000680 
-0.000470 
-0.000150 
0.000350 
0.001070 
0.002010 
0.003140 
0.004380 
0.005630 
0.006800 
0.007810 
0.008600 
0.009130 
0.009360 
0.009280 
0.008940 
0.008370 
0.007660 
0.006830 
0.005940 
0.004990 
0.004030 
0.003110 
0.002290 
0.001600 
0.001070 
0.000660 
0.000330 
0.000060 
-0.000220 
-0.000520 
-0.000910 
-0.001450 
-0.002180 
-0.003140 
-0.004280 
-0.005530 
-0.006800 
-0.007990 
-0.009000 
-0.009760 
-0.010190 
-0.010280 
-0.010010 
-0.009440 
-0.008640 
-0.007740 
-0.006820 
-0.005940 
-0.005140 
-0.004410 
-0.003750 
-0.003150 
-0.002600 
-0.002080 
-0.001590 
-0.001100 
-0.000570 
0.000060 
0.000830 
0.001740 
0.002790 
0.003960 
0.005250 
0.006610 
0.007980 
0.009260 
0.010350 
0.011160 
0.011640 
0.011770 
0.011530 
0.010960 
0.010100 
0.009040 
0.007850 
0.006630 
0.005450 
0.004380 
0.003440 
0.002610 
0.001850 
0.001130 
0.000390 
-0.000410 
-0.001290 
-0.002290 
-0.003390 
-0.004590 
-0.005850 
-0.007120 
-0.008350 
-0.009510 
-0.010540 
-0.011420 
-0.012110 
-0.012570 
-0.012740 
-0.012600 
-0.012170 
-0.011470 
-0.010560 
-0.009490 
-0.008280 
-0.007000 
-0.005700 
-0.004450 
-0.003300 
-0.002250 
-0.001280 
-0.000340 
0.000610 
0.001570 
0.002550 
0.003550 
0.004580 
0.005620 
0.006660 
0.007640 
0.008520 
0.009250 
0.009810 
0.010160 
0.010300 
0.010250 
0.010020 
0.009640 
0.009130 
0.008510 
0.007760 
0.006920 
0.006010 
0.005070 
0.004100 
0.003130 
0.002170 
0.001220 
0.000310 
-0.000560 
-0.001370 
-0.002100 
-0.002780 
-0.003420 
-0.004060 
-0.004710 
-0.005370 
-0.006020 
-0.006630 
-0.007170 
-0.007600 
-0.007880 
-0.007980 
-0.007890 
-0.007670 
-0.007370 
-0.007040 
-0.006700 
-0.006380 
-0.006040 
-0.005670 
-0.005210 
-0.004670 
-0.004040 
-0.003320 
-0.002520 
-0.001650 
-0.000750 
0.000150 
0.000990 
0.001770 
0.002470 
0.003090 
0.003660 
0.004180 
0.004650 
0.005070 
0.005450 
0.005760 
0.006010 
0.006210 
0.006340 
0.006400 
0.006360 
0.006220 
0.005970 
0.005650 
0.005260 
0.004800 
0.004250 
0.003600 
0.002870 
0.002080 
0.001260 
0.000420 
-0.000450 
-0.001350 
-0.002290 
-0.003260 
-0.004220 
-0.005120 
-0.005910 
-0.006580 
-0.007100 
-0.007440 
-0.007590 
-0.007550 
-0.007340 
-0.007040 
-0.006710 
-0.006360 
-0.006010 
-0.005610 
-0.005160 
-0.004630 
-0.004030 
-0.003390 
-0.002700 
-0.001960 
-0.001130 
-0.000220 
0.000760 
0.001770 
0.002780 
0.003760 
0.004710 
0.005620 
0.006450 
0.007180 
0.007770 
0.008190 
0.008410 
0.008460 
0.008320 
0.007980 
0.007470 
0.006810 
0.006080 
0.005330 
0.004620 
0.003960 
0.003330 
0.002710 
0.002110 
0.001510 
0.000900 
0.000260 
-0.000440 
-0.001220 
-0.002040 
-0.002900 
-0.003760 
-0.004570 
-0.005300 
-0.005920 
-0.006430 
-0.006860 
-0.007190 
-0.007430 
-0.007540 
-0.007510 
-0.007340 
-0.007000 
-0.006520 
-0.005920 
-0.005260 
-0.004590 
-0.003960 
-0.003390 
-0.002880 
-0.002430 
-0.002000 
-0.001550 
-0.001050 
-0.000500 
0.000070 
0.000650 
0.001230 
0.001830 
0.002440 
0.003070 
0.003690 
0.004280 
0.004830 
0.005330 
0.005770 
0.006160 
0.006460 
0.006660 
0.006730 
0.006650 
0.006410 
0.006040 
0.005570 
0.005050 
0.004520 
0.003980 
0.003450 
0.002940 
0.002460 
0.002030 
0.001640 
0.001250 
0.000820 
0.000300 
-0.000320 
-0.001050 
-0.001880 
-0.002790 
-0.003750 
-0.004690 
-0.005560 
-0.006290 
-0.006850 
-0.007220 
-0.007430 
-0.007480 
-0.007430 
-0.007290 
-0.007060 
-0.006720 
-0.006270 
-0.005730 
-0.005120 
-0.004460 
-0.003780 
-0.003080 
-0.002390 
-0.001720 
-0.001060 
-0.000420 
0.000220 
0.000860 
0.001520 
0.002230 
0.003010 
0.003850 
0.004720 
0.005600 
0.006440 
0.007210 
0.007840 
0.008260 
0.008400 
0.008260 
0.007840 
0.007210 
0.006420 
0.005550 
0.004630 
0.003700 
0.002790 
0.001950 
0.001200 
0.000560 
-0.000000 
-0.000510 
-0.001030 
-0.001590 
-0.002200 
-0.002850 
-0.003530 
-0.004230 
-0.004940 
-0.005630 
-0.006280 
-0.006860 
-0.007340 
-0.007690 
-0.007890 
-0.007900 
-0.007700 
-0.007270 
-0.006590 
-0.005690 
-0.004610 
-0.003460 
-0.002310 
-0.001240 
-0.000280 
0.000540 
0.001210 
0.001730 
0.002070 
0.002270 
0.002370 
0.002450 
0.002590 
0.002830 
0.003210 
0.003710 
0.004310 
0.004950 
0.005600 
0.006170 
0.006610 
0.006860 
0.006880 
0.006660 
0.006200 
0.005540 
0.004720 
0.003800 
0.002840 
0.001890 
0.001000 
0.000200 
-0.000460 
-0.000980 
-0.001360 
-0.001630 
-0.001830 
-0.001970 
-0.002070 
-0.002150 
-0.002270 
-0.002470 
-0.002810 
-0.003300 
-0.003920 
-0.004630 
-0.005340 
-0.005970 
-0.006440 
-0.006720 
-0.006800 
-0.006690 
-0.006400 
-0.005940 
-0.005360 
-0.004690 
-0.003950 
-0.003170 
-0.002380 
-0.001610 
-0.000900 
-0.000260 
0.000280 
0.000720 
0.001090 
0.001400 
0.001700 
0.002010 
0.002330 
0.002690 
0.003130 
0.003660 
0.004310 
0.005040 
0.005790 
0.006510 
0.007110 
0.007530 
0.007710 
0.007630 
0.007280 
0.006710 
0.005950 
0.005050 
0.004060 
0.003020 
0.001980 
0.001010 
0.000130 
-0.000650 
-0.001300 
-0.001850 
-0.002300 
-0.002680 
-0.003030 
-0.003390 
-0.003760 
-0.004140 
-0.004540 
-0.004950 
-0.005360 
-0.005760 
-0.006150 
-0.006510 
-0.006820 
-0.007000 
-0.007010 
-0.006780 
-0.006280 
-0.005520 
-0.004560 
-0.003440 
-0.002260 
-0.001080 
0.000040 
0.001030 
0.001860 
0.002490 
0.002910 
0.003150 
0.003260 
0.003340 
0.003430 
0.003570 
0.003780 
0.004050 
0.004360 
0.004680 
0.004960 
0.005170 
0.005250 
0.005200 
0.005010 
0.004690 
0.004280 
0.003770 
0.003170 
0.002480 
0.001690 
0.000860 
0.000030 
-0.000760 
-0.001460 
-0.002040 
-0.002500 
-0.002820 
-0.003020 
-0.003100 
-0.003060 
-0.002940 
-0.002820 
-0.002780 
-0.002870 
-0.003120 
-0.003490 
-0.003930 
-0.004380 
-0.004780 
-0.005060 
-0.005170 
-0.005090 
-0.004810 
-0.004360 
-0.003800 
-0.003170 
-0.002500 
-0.001830 
-0.001180 
-0.000560 
-0.000010 
0.000460 
0.000850 
0.001180 
0.001490 
0.001810 
0.002130 
0.002440 
0.002740 
0.003040 
0.003360 
0.003730 
0.004150 
0.004600 
0.005070 
0.005520 
0.005930 
0.006260 
0.006470 
0.006540 
0.006420 
0.006100 
0.005590 
0.004890 
0.004070 
0.003180 
0.002270 
0.001390 
0.000560 
-0.000180 
-0.000840 
-0.001430 
-0.001970 
-0.002520 
-0.003090 
-0.003720 
-0.004370 
-0.005000 
-0.005570 
-0.006040 
-0.006420 
-0.006710 
-0.006930 
-0.007090 
-0.007190 
-0.007240 
-0.007200 
-0.007060 
-0.006760 
-0.006280 
-0.005610 
-0.004750 
-0.003710 
-0.002550 
-0.001330 
-0.000120 
0.001050 
0.002120 
0.003070 
0.003890 
0.004570 
0.005140 
0.005620 
0.006030 
0.006390 
0.006730 
0.007040 
0.007330 
0.007560 
0.007680 
0.007670 
0.007520 
0.007260 
0.006900 
0.006440 
0.005890 
0.005230 
0.004470 
0.003610 
0.002680 
0.001710 
0.000700 
-0.000340 
-0.001380 
-0.002400 
-0.003340 
-0.004140 
-0.004780 
-0.005240 
-0.005530 
-0.005700 
-0.005810 
-0.005910 
-0.006020 
-0.006160 
-0.006310 
-0.006450 
-0.006520 
-0.006470 
-0.006280 
-0.005940 
-0.005490 
-0.004940 
-0.004340 
-0.003690 
-0.002980 
-0.002190 
-0.001350 
-0.000490 
0.000340 
0.001110 
0.001790 
0.002410 
0.002970 
0.003460 
0.003880 
0.004200 
0.004430 
0.004600 
0.004770 
0.004950 
0.005130 
0.005320 
0.005490 
0.005630 
0.005750 
0.005820 
0.005820 
0.005700 
0.005440 
0.005020 
0.004440 
0.003740 
0.002950 
0.002090 
0.001210 
0.000360 
-0.000430 
-0.001090 
-0.001630 
-0.002060 
-0.002430 
-0.002800 
-0.003220 
-0.003690 
-0.004200 
-0.004700 
-0.005170 
-0.005570 
-0.005900 
-0.006140 
-0.006310 
-0.006380 
-0.006350 
-0.006240 
-0.006050 
-0.005800 
-0.005480 
-0.005060 
-0.004500 
-0.003800 
-0.002960 
-0.002020 
-0.001020 
-0.000030 
0.000930 
0.001820 
0.002610 
0.003280 
0.003830 
0.004260 
0.004640 
0.005000 
0.005370 
0.005730 
0.006070 
0.006370 
0.006590 
0.006710 
0.006700 
0.006560 
0.006290 
0.005910 
0.005420 
0.004850 
0.004210 
0.003500 
0.002750 
0.001970 
0.001160 
0.000300 
-0.000590 
-0.001520 
-0.002420 
-0.003280 
-0.004050 
-0.004720 
-0.005280 
-0.005690 
-0.005950 
-0.006050 
-0.006040 
-0.005940 
-0.005800 
-0.005630 
-0.005450 
-0.005240 
-0.004970 
-0.004630 
-0.004230 
-0.003780 
-0.003300 
-0.002810 
-0.002290 
-0.001730 
-0.001130 
-0.000470 
0.000230 
0.000940 
0.001650 
0.002340 
0.003010 
0.003630 
0.004160 
0.004560 
0.004810 
0.004920 
0.004930 
0.004840 
0.004670 
0.004430 
0.004130 
0.003820 
0.003540 
0.003330 
0.003160 
0.003000 
0.002830 
0.002620 
0.002370 
0.002080 
0.001740 
0.001300 
0.000770 
0.000140 
-0.000540 
-0.001230 
-0.001860 
-0.002400 
-0.002810 
-0.003100 
-0.003280 
-0.003390 
-0.003450 
-0.003480 
-0.003510 
-0.003560 
-0.003640 
-0.003750 
-0.003890 
-0.004020 
-0.004140 
-0.004240 
-0.004300 
-0.004310 
-0.004240 
-0.004070 
-0.003760 
-0.003330 
-0.002760 
-0.002110 
-0.001390 
-0.000630 
0.000160 
0.000950 
0.001680 
0.002310 
0.002820 
0.003190 
0.003450 
0.003640 
0.003790 
0.003940 
0.004100 
0.004300 
0.004570 
0.004920 
0.005320 
0.005700 
0.006020 
0.006190 
0.006180 
0.005960 
0.005540 
0.004940 
0.004220 
0.003400 
0.002530 
0.001640 
0.000750 
-0.000110 
-0.000960 
-0.001770 
-0.002570 
-0.003330 
-0.004010 
-0.004600 
-0.005050 
-0.005350 
-0.005510 
-0.005550 
-0.005540 
-0.005530 
-0.005570 
-0.005670 
-0.005820 
-0.005970 
-0.006080 
-0.006080 
-0.005930 
-0.005600 
-0.005060 
-0.004350 
-0.003470 
-0.002460 
-0.001380 
-0.000270 
0.000820 
0.001830 
0.002730 
0.003480 
0.004080 
0.004540 
0.004870 
0.005090 
0.005200 
0.005210 
0.005130 
0.004970 
0.004740 
0.004480 
0.004240 
0.004040 
0.003920 
0.003840 
0.003780 
0.003700 
0.003580 
0.003410 
0.003140 
0.002750 
0.002230 
0.001580 
0.000800 
-0.000040 
-0.000910 
-0.001760 
-0.002520 
-0.003150 
-0.003620 
-0.003900 
-0.003990 
-0.003930 
-0.003750 
-0.003490 
-0.003200 
-0.002910 
-0.002650 
-0.002440 
-0.002310 
-0.002300 
-0.002390 
-0.002570 
-0.002760 
-0.002900 
-0.002920 
-0.002820 
-0.002580 
-0.002230 
-0.001780 
-0.001260 
-0.000670 
-0.000040 
0.000610 
0.001230 
0.001770 
0.002210 
0.002530 
0.002750 
0.002880 
0.002910 
0.002850 
0.002720 
0.002540 
0.002370 
0.002290 
0.002310 
0.002460 
0.002710 
0.003000 
0.003290 
0.003530 
0.003650 
0.003600 
0.003360 
0.002910 
0.002280 
0.001520 
0.000710 
-0.000110 
-0.000890 
-0.001600 
-0.002230 
-0.002770 
-0.003230 
-0.003580 
-0.003830 
-0.003960 
-0.003980 
-0.003900 
-0.003790 
-0.003660 
-0.003590 
-0.003590 
-0.003670 
-0.003820 
-0.004000 
-0.004140 
-0.004180 
-0.004050 
-0.003720 
-0.003170 
-0.002430 
-0.001540 
-0.000550 
0.000470 
0.001460 
0.002340 
0.003060 
0.003600 
0.003980 
0.004230 
0.004400 
0.004510 
0.004580 
0.004620 
0.004610 
0.004560 
0.004450 
0.004280 
0.004050 
0.003790 
0.003520 
0.003240 
0.002950 
0.002660 
0.002320 
0.001920 
0.001410 
0.000820 
0.000140 
-0.000590 
-0.001350 
-0.002110 
-0.002850 
-0.003530 
-0.004120 
-0.004590 
-0.004890 
-0.005000 
-0.004940 
-0.004740 
-0.004460 
-0.004150 
-0.003870 
-0.003620 
-0.003380 
-0.003150 
-0.002940 
-0.002730 
-0.002520 
-0.002300 
-0.002060 
-0.001780 
-0.001450 
-0.001070 
-0.000650 
-0.000220 
0.000190 
0.000550 
0.000880 
0.001200 
0.001520 
0.001850 
0.002170 
0.002480 
0.002750 
0.002960 
0.003110 
0.003180 
0.003160 
0.003050 
0.002870 
0.002670 
0.002470 
0.002320 
0.002260 
0.002290 
0.002390 
0.002510 
0.002620 
0.002650 
0.002560 
0.002320 
0.001940 
0.001460 
0.000920 
0.000390 
-0.000110 
-0.000530 
-0.000880 
-0.001160 
-0.001400 
-0.001610 
-0.001820 
-0.002050 
-0.002300 
-0.002560 
-0.002800 
-0.003000 
-0.003130 
-0.003210 
-0.003270 
-0.003320 
-0.003400 
-0.003480 
-0.003530 
-0.003530 
-0.003430 
-0.003220 
-0.002890 
-0.002450 
-0.001890 
-0.001240 
-0.000530 
0.000190 
0.000870 
0.001460 
0.001920 
0.002270 
0.002530 
0.002730 
0.002910 
0.003080 
0.003250 
0.003460 
0.003700 
0.003990 
0.004300 
0.004550 
0.004680 
0.004670 
0.004530 
0.004260 
0.003900 
0.003440 
0.002910 
0.002290 
0.001620 
0.000930 
0.000260 
-0.000400 
-0.001040 
-0.001680 
-0.002310 
-0.002910 
-0.003430 
-0.003830 
-0.004080 
-0.004200 
-0.004230 
-0.004220 
-0.004190 
-0.004200 
-0.004250 
-0.004320 
-0.004390 
-0.004410 
-0.004330 
-0.004110 
-0.003720 
-0.003190 
-0.002550 
-0.001850 
-0.001130 
-0.000400 
0.000300 
0.000960 
0.001550 
0.002060 
0.002490 
0.002860 
0.003200 
0.003530 
0.003830 
0.004080 
0.004260 
0.004340 
0.004340 
0.004270 
0.004170 
0.004050 
0.003910 
0.003760 
0.003600 
0.003430 
0.003230 
0.002990 
0.002710 
0.002390 
0.002020 
0.001610 
0.001180 
0.000740 
0.000310 
-0.000110 
-0.000550 
-0.000990 
-0.001430 
-0.001830 
-0.002180 
-0.002490 
-0.002780 
-0.003050 
-0.003310 
-0.003550 
-0.003740 
-0.003890 
-0.003970 
-0.003990 
-0.003970 
-0.003920 
-0.003850 
-0.003750 
-0.003600 
-0.003410 
-0.003170 
-0.002880 
-0.002550 
-0.002200 
-0.001830 
-0.001450 
-0.001040 
-0.000580 
-0.000070 
0.000480 
0.001050 
0.001630 
0.002200 
0.002730 
0.003200 
0.003560 
0.003820 
0.004000 
0.004120 
0.004230 
0.004370 
0.004540 
0.004720 
0.004870 
0.004950 
0.004930 
0.004800 
0.004550 
0.004160 
0.003620 
0.002960 
0.002240 
0.001500 
0.000780 
0.000120 
-0.000500 
-0.001090 
-0.001680 
-0.002250 
-0.002810 
-0.003320 
-0.003760 
-0.004110 
-0.004360 
-0.004490 
-0.004510 
-0.004470 
-0.004430 
-0.004440 
-0.004500 
-0.004580 
-0.004620 
-0.004570 
-0.004400 
-0.004070 
-0.003580 
-0.002960 
-0.002220 
-0.001380 
-0.000470 
0.000440 
0.001270 
0.001950 
0.002480 
0.002890 
0.003220 
0.003490 
0.003700 
0.003840 
0.003910 
0.003920 
0.003890 
0.003830 
0.003720 
0.003590 
0.003430 
0.003250 
0.003070 
0.002910 
0.002770 
0.002640 
0.002460 
0.002200 
0.001850 
0.001410 
0.000900 
0.000340 
-0.000240 
-0.000830 
-0.001390 
-0.001890 
-0.002310 
-0.002620 
-0.002790 
-0.002840 
-0.002790 
-0.002690 
-0.002580 
-0.002470 
-0.002400 
-0.002360 
-0.002340 
-0.002330 
-0.002310 
-0.002270 
-0.002190 
-0.002060 
-0.001870 
-0.001640 
-0.001380 
-0.001120 
-0.000880 
-0.000660 
-0.000450 
-0.000250 
-0.000070 
0.000110 
0.000330 
0.000600 
0.000960 
0.001390 
0.001870 
0.002340 
0.002760 
0.003090 
0.003300 
0.003410 
0.003430 
0.003380 
0.003310 
0.003240 
0.003190 
0.003200 
0.003250 
0.003320 
0.003380 
0.003400 
0.003350 
0.003220 
0.002990 
0.002690 
0.002310 
0.001910 
0.001480 
0.001040 
0.000590 
0.000110 
-0.000390 
-0.000950 
-0.001570 
-0.002210 
-0.002860 
-0.003450 
-0.003940 
-0.004340 
-0.004620 
-0.004780 
-0.004820 
-0.004760 
-0.004630 
-0.004440 
-0.004200 
-0.003950 
-0.003720 
-0.003540 
-0.003370 
-0.003170 
-0.002870 
-0.002440 
-0.001870 
-0.001190 
-0.000450 
0.000320 
0.001090 
0.001830 
0.002500 
0.003070 
0.003520 
0.003860 
0.004120 
0.004350 
0.004560 
0.004730 
0.004850 
0.004890 
0.004870 
0.004800 
0.004670 
0.004490 
0.004230 
0.003890 
0.003460 
0.003000 
0.002530 
0.002070 
0.001610 
0.001100 
0.000540 
-0.000070 
-0.000670 
-0.001240 
-0.001720 
-0.002110 
-0.002400 
-0.002600 
-0.002730 
-0.002820 
-0.002860 
-0.002870 
-0.002880 
-0.002890 
-0.002910 
-0.002930 
-0.002930 
-0.002900 
-0.002850 
-0.002760 
-0.002660 
-0.002510 
-0.002320 
-0.002100 
-0.001840 
-0.001580 
-0.001310 
-0.001010 
-0.000680 
-0.000290 
0.000140 
0.000590 
0.001010 
0.001370 
0.001640 
0.001830 
0.001960 
0.002030 
0.002080 
0.002110 
0.002150 
0.002210 
0.002310 
0.002460 
0.002630 
0.002770 
0.002860 
0.002880 
0.002840 
0.002760 
0.002640 
0.002490 
0.002280 
0.002020 
0.001720 
0.001390 
0.001040 
0.000660 
0.000260 
-0.000170 
-0.000620 
-0.001090 
-0.001560 
-0.002000 
-0.002380 
-0.002720 
-0.003000 
-0.003250 
-0.003470 
-0.003660 
-0.003780 
-0.003820 
-0.003780 
-0.003650 
-0.003470 
-0.003270 
-0.003070 
-0.002860 
-0.002620 
-0.002320 
-0.001940 
-0.001470 
-0.000900 
-0.000250 
0.000460 
0.001160 
0.001810 
0.002370 
0.002820 
0.003160 
0.003410 
0.003630 
0.003830 
0.004060 
0.004300 
0.004550 
0.004800 
0.005030 
0.005200 
0.005240 
0.005100 
0.004740 
0.004190 
0.003510 
0.002780 
0.002070 
0.001410 
0.000800 
0.000230 
-0.000340 
-0.000890 
-0.001460 
-0.002030 
-0.002620 
-0.003200 
-0.003730 
-0.004180 
-0.004500 
-0.004700 
-0.004780 
-0.004770 
-0.004670 
-0.004520 
-0.004340 
-0.004140 
-0.003960 
-0.003810 
-0.003690 
-0.003560 
-0.003380 
-0.003080 
-0.002650 
-0.002090 
-0.001450 
-0.000780 
-0.000140 
0.000460 
0.000990 
0.001470 
0.001890 
0.002240 
0.002530 
0.002750 
0.002920 
0.003060 
0.003170 
0.003240 
0.003240 
0.003170 
0.003030 
0.002850 
0.002650 
0.002460 
0.002280 
0.002130 
0.002020 
0.001940 
0.001930 
0.001950 
0.001980 
0.001950 
0.001830 
0.001570 
0.001210 
0.000790 
0.000340 
-0.000120 
-0.000570 
-0.001000 
-0.001410 
-0.001760 
-0.002020 
-0.002200 
-0.002310 
-0.002370 
-0.002430 
-0.002510 
-0.002580 
-0.002640 
-0.002650 
-0.002630 
-0.002590 
-0.002550 
-0.002530 
-0.002540 
-0.002580 
-0.002640 
-0.002720 
-0.002760 
-0.002720 
-0.002560 
-0.002250 
-0.001820 
-0.001300 
-0.000740 
-0.000180 
0.000360 
0.000870 
0.001320 
0.001680 
0.001950 
0.002160 
0.002330 
0.002510 
0.002700 
0.002900 
0.003110 
0.003300 
0.003440 
0.003500 
0.003480 
0.003370 
0.003180 
0.002940 
0.002630 
0.002290 
0.001940 
0.001580 
0.001200 
0.000790 
0.000340 
-0.000160 
-0.000700 
-0.001250 
-0.001790 
-0.002280 
-0.002680 
-0.003020 
-0.003300 
-0.003530 
-0.003710 
-0.003810 
-0.003850 
-0.003840 
-0.003790 
-0.003720 
-0.003620 
-0.003480 
-0.003270 
-0.002960 
-0.002550 
-0.002030 
-0.001440 
-0.000820 
-0.000210 
0.000360 
0.000870 
0.001310 
0.001690 
0.002000 
0.002240 
0.002410 
0.002550 
0.002670 
0.002800 
0.002950 
0.003100 
0.003240 
0.003360 
0.003430 
0.003430 
0.003380 
0.003250 
0.003050 
0.002790 
0.002470 
0.002110 
0.001720 
0.001330 
0.000900 
0.000440 
-0.000050 
-0.000520 
-0.000970 
-0.001350 
-0.001660 
-0.001900 
-0.002090 
-0.002230 
-0.002340 
-0.002430 
-0.002490 
-0.002550 
-0.002610 
-0.002680 
-0.002760 
-0.002830 
-0.002910 
-0.003000 
-0.003080 
-0.003130 
-0.003120 
-0.003020 
-0.002830 
-0.002560 
-0.002250 
-0.001930 
-0.001600 
-0.001270 
-0.000920 
-0.000550 
-0.000170 
0.000200 
0.000540 
0.000870 
0.001210 
0.001570 
0.001940 
0.002290 
0.002590 
0.002820 
0.002970 
0.003090 
0.003210 
0.003330 
0.003450 
0.003540 
0.003600 
0.003640 
0.003660 
0.003640 
0.003550 
0.003360 
0.003050 
0.002660 
0.002190 
0.001680 
0.001160 
0.000650 
0.000150 
-0.000340 
-0.000810 
-0.001260 
-0.001680 
-0.002080 
-0.002480 
-0.002890 
-0.003310 
-0.003710 
-0.004050 
-0.004290 
-0.004430 
-0.004450 
-0.004370 
-0.004180 
-0.003930 
-0.003620 
-0.003280 
-0.002920 
-0.002530 
-0.002120 
-0.001640 
-0.001070 
-0.000410 
0.000300 
0.001010 
0.001670 
0.002250 
0.002730 
0.003100 
0.003370 
0.003530 
0.003620 
0.003680 
0.003740 
0.003840 
0.003950 
0.004070 
0.004160 
0.004210 
0.004170 
0.004010 
0.003740 
0.003350 
0.002850 
0.002270 
0.001640 
0.000990 
0.000360 
-0.000230 
-0.000790 
-0.001290 
-0.001750 
-0.002150 
-0.002460 
-0.002690 
-0.002800 
-0.002840 
-0.002820 
-0.002770 
-0.002720 
-0.002660 
-0.002590 
-0.002510 
-0.002430 
-0.002350 
-0.002280 
-0.002230 
-0.002170 
-0.002070 
-0.001880 
-0.001590 
-0.001210 
-0.000760 
-0.000280 
0.000210 
0.000680 
0.001130 
0.001520 
0.001840 
0.002070 
0.002190 
0.002220 
0.002190 
0.002160 
0.002130 
0.002120 
0.002110 
0.002070 
0.002020 
0.001980 
0.001960 
0.001950 
0.001940 
0.001900 
0.001850 
0.001800 
0.001760 
0.001730 
0.001670 
0.001550 
0.001340 
0.001050 
0.000690 
0.000320 
-0.000030 
-0.000350 
-0.000630 
-0.000890 
-0.001120 
-0.001330 
-0.001510 
-0.001700 
-0.001920 
-0.002190 
-0.002480 
-0.002750 
-0.002990 
-0.003150 
-0.003220 
-0.003170 
-0.003000 
-0.002730 
-0.002400 
-0.002080 
-0.001830 
-0.001680 
-0.001630 
-0.001640 
-0.001640 
-0.001560 
-0.001370 
-0.001070 
-0.000700 
-0.000260 
0.000230 
0.000770 
0.001310 
0.001840 
0.002320 
0.002740 
0.003100 
0.003430 
0.003710 
0.003940 
0.004100 
0.004150 
0.004070 
0.003870 
0.003540 
0.003110 
0.002610 
0.002060 
0.001510 
0.001000 
0.000600 
0.000310 
0.000130 
0.000010 
-0.000080 
-0.000200 
-0.000410 
-0.000720 
-0.001110 
-0.001560 
-0.002030 
-0.002500 
-0.002960 
-0.003360 
-0.003680 
-0.003870 
-0.003900 
-0.003770 
-0.003490 
-0.003120 
-0.002690 
-0.002260 
-0.001850 
-0.001470 
-0.001130 
-0.000810 
-0.000500 
-0.000210 
0.000080 
0.000370 
0.000630 
0.000870 
0.001060 
0.001210 
0.001310 
0.001370 
0.001410 
0.001430 
0.001490 
0.001600 
0.001750 
0.001950 
0.002160 
0.002350 
0.002480 
0.002530 
0.002460 
0.002270 
0.001970 
0.001580 
0.001150 
0.000720 
0.000320 
0.000020 
-0.000200 
-0.000330 
-0.000410 
-0.000480 
-0.000540 
-0.000610 
-0.000710 
-0.000840 
-0.000980 
-0.001110 
-0.001230 
-0.001340 
-0.001440 
-0.001550 
-0.001650 
-0.001770 
-0.001930 
-0.002130 
-0.002370 
-0.002630 
-0.002870 
-0.003050 
-0.003110 
-0.003030 
-0.002810 
-0.002480 
-0.002100 
-0.001690 
-0.001280 
-0.000890 
-0.000530 
-0.000250 
-0.000030 
0.000130 
0.000280 
0.000430 
0.000620 
0.000880 
0.001210 
0.001580 
0.001960 
0.002340 
0.002690 
0.003040 
0.003350 
0.003600 
0.003770 
0.003860 
0.003860 
0.003780 
0.003630 
0.003410 
0.003120 
0.002770 
0.002370 
0.001950 
0.001540 
0.001150 
0.000800 
0.000480 
0.000170 
-0.000130 
-0.000460 
-0.000800 
-0.001190 
-0.001620 
-0.002100 
-0.002610 
-0.003120 
-0.003610 
-0.004020 
-0.004310 
-0.004450 
-0.004430 
-0.004260 
-0.003960 
-0.003570 
-0.003120 
-0.002650 
-0.002200 
-0.001770 
-0.001360 
-0.000950 
-0.000560 
-0.000180 
0.000180 
0.000520 
0.000810 
0.001060 
0.001280 
0.001470 
0.001660 
0.001870 
0.002120 
0.002410 
0.002720 
0.003030 
0.003280 
0.003420 
0.003420 
0.003250 
0.002950 
0.002530 
0.002040 
0.001520 
0.001020 
0.000590 
0.000250 
-0.000000 
-0.000120 
-0.000160 
-0.000150 
-0.000150 
-0.000210 
-0.000350 
-0.000570 
-0.000830 
-0.001080 
-0.001320 
-0.001530 
-0.001700 
-0.001850 
-0.001960 
-0.002020 
-0.002010 
-0.001920 
-0.001770 
-0.001620 
-0.001490 
-0.001380 
-0.001260 
-0.001130 
-0.000980 
-0.000820 
-0.000670 
-0.000570 
-0.000490 
-0.000440 
-0.000400 
-0.000350 
-0.000280 
-0.000200 
-0.000100 
0.000010 
0.000150 
0.000310 
0.000510 
0.000730 
0.000950 
0.001160 
0.001350 
0.001490 
0.001580 
0.001610 
0.001600 
0.001550 
0.001520 
0.001530 
0.001620 
0.001770 
0.001930 
0.002070 
0.002150 
0.002120 
0.001980 
0.001740 
0.001400 
0.000980 
0.000530 
0.000090 
-0.000290 
-0.000600 
-0.000840 
-0.001040 
-0.001210 
-0.001390 
-0.001580 
-0.001830 
-0.002120 
-0.002450 
-0.002790 
-0.003110 
-0.003330 
-0.003420 
-0.003360 
-0.003180 
-0.002910 
-0.002590 
-0.002260 
-0.001930 
-0.001620 
-0.001320 
-0.001010 
-0.000680 
-0.000340 
-0.000000 
0.000340 
0.000690 
0.001050 
0.001390 
0.001690 
0.001920 
0.002090 
0.002240 
0.002410 
0.002600 
0.002820 
0.003040 
0.003220 
0.003340 
0.003350 
0.003270 
0.003060 
0.002700 
0.002220 
0.001620 
0.000970 
0.000350 
-0.000160 
-0.000530 
-0.000740 
-0.000810 
-0.000810 
-0.000800 
-0.000810 
-0.000860 
-0.000970 
-0.001150 
-0.001390 
-0.001690 
-0.002000 
-0.002290 
-0.002520 
-0.002690 
-0.002760 
-0.002750 
-0.002640 
-0.002460 
-0.002200 
-0.001880 
-0.001510 
-0.001110 
-0.000680 
-0.000250 
0.000160 
0.000530 
0.000810 
0.000960 
0.000970 
0.000870 
0.000700 
0.000500 
0.000300 
0.000160 
0.000110 
0.000180 
0.000390 
0.000720 
0.001120 
0.001530 
0.001900 
0.002160 
0.002270 
0.002240 
0.002100 
0.001880 
0.001610 
0.001340 
0.001090 
0.000900 
0.000800 
0.000780 
0.000810 
0.000840 
0.000830 
0.000770 
0.000680 
0.000600 
0.000520 
0.000430 
0.000310 
0.000130 
-0.000110 
-0.000370 
-0.000640 
-0.000900 
-0.001160 
-0.001430 
-0.001690 
-0.001950 
-0.002170 
-0.002320 
-0.002390 
-0.002370 
-0.002260 
-0.002090 
-0.001880 
-0.001660 
-0.001430 
-0.001180 
-0.000910 
-0.000640 
-0.000370 
-0.000100 
0.000160 
0.000420 
0.000670 
0.000930 
0.001210 
0.001500 
0.001800 
0.002110 
0.002420 
0.002720 
0.002990 
0.003210 
0.003330 
0.003360 
0.003290 
0.003150 
0.002940 
0.002680 
0.002370 
0.002000 
0.001570 
0.001080 
0.000550 
0.000030 
-0.000460 
-0.000910 
-0.001310 
-0.001640 
-0.001910 
-0.002110 
-0.002280 
-0.002440 
-0.002600 
-0.002760 
-0.002940 
-0.003120 
-0.003300 
-0.003470 
-0.003590 
-0.003620 
-0.003520 
-0.003260 
-0.002860 
-0.002350 
-0.001800 
-0.001250 
-0.000700 
-0.000170 
0.000360 
0.000880 
0.001370 
0.001780 
0.002090 
0.002310 
0.002430 
0.002460 
0.002400 
0.002270 
0.002110 
0.001950 
0.001860 
0.001880 
0.002020 
0.002260 
0.002550 
0.002830 
0.003050 
0.003150 
0.003120 
0.002940 
0.002610 
0.002130 
0.001530 
0.000880 
0.000260 
-0.000250 
-0.000640 
-0.000900 
-0.001060 
-0.001140 
-0.001160 
-0.001130 
-0.001040 
-0.000920 
-0.000790 
-0.000670 
-0.000600 
-0.000590 
-0.000640 
-0.000750 
-0.000930 
-0.001180 
-0.001520 
-0.001930 
-0.002370 
-0.002780 
-0.003100 
-0.003260 
-0.003210 
-0.002950 
-0.002500 
-0.001890 
-0.001200 
-0.000520 
0.000080 
0.000500 
0.000710 
0.000740 
0.000600 
0.000360 
0.000080 
-0.000190 
-0.000360 
-0.000380 
-0.000210 
0.000130 
0.000610 
0.001170 
0.001750 
0.002300 
0.002790 
0.003180 
0.003440 
0.003570 
0.003570 
0.003460 
0.003260 
0.002970 
0.002590 
0.002130 
0.001610 
0.001070 
0.000530 
0.000040 
-0.000370 
-0.000680 
-0.000880 
-0.000990 
-0.001030 
-0.001070 
-0.001140 
-0.001250 
-0.001410 
-0.001640 
-0.001950 
-0.002330 
-0.002780 
-0.003220 
-0.003600 
-0.003850 
-0.003920 
-0.003810 
-0.003550 
-0.003160 
-0.002700 
-0.002170 
-0.001610 
-0.001020 
-0.000440 
0.000120 
0.000610 
0.001040 
0.001400 
0.001710 
0.001970 
0.002200 
0.002370 
0.002470 
0.002490 
0.002460 
0.002430 
0.002400 
0.002390 
0.002360 
0.002330 
0.002340 
0.002400 
0.002490 
0.002550 
0.002520 
0.002370 
0.002100 
0.001720 
0.001270 
0.000780 
0.000290 
-0.000170 
-0.000570 
-0.000900 
-0.001100 
-0.001180 
-0.001170 
-0.001100 
-0.001010 
-0.000960 
-0.000950 
-0.000990 
-0.001060 
-0.001140 
-0.001230 
-0.001340 
-0.001480 
-0.001650 
-0.001830 
-0.002020 
-0.002190 
-0.002340 
-0.002430 
-0.002420 
-0.002290 
-0.002020 
-0.001660 
-0.001260 
-0.000850 
-0.000480 
-0.000180 
0.000030 
0.000110 
0.000070 
-0.000100 
-0.000330 
-0.000540 
-0.000640 
-0.000610 
-0.000400 
-0.000060 
0.000400 
0.000920 
0.001500 
0.002080 
0.002630 
0.003110 
0.003490 
0.003740 
0.003820 
0.003780 
0.003620 
0.003390 
0.003090 
0.002720 
0.002290 
0.001840 
0.001430 
0.001080 
0.000830 
0.000660 
0.000530 
0.000430 
0.000350 
0.000250 
0.000090 
-0.000160 
-0.000520 
-0.001000 
-0.001600 
-0.002280 
-0.002980 
-0.003620 
-0.004150 
-0.004530 
-0.004750 
-0.004800 
-0.004700 
-0.004450 
-0.004100 
-0.003670 
-0.003200 
-0.002720 
-0.002280 
-0.001880 
-0.001550 
-0.001260 
-0.001010 
-0.000770 
-0.000550 
-0.000330 
-0.000080 
0.000200 
0.000500 
0.000810 
0.001100 
0.001390 
0.001680 
0.001970 
0.002250 
0.002510 
0.002720 
0.002870 
0.002930 
0.002890 
0.002730 
0.002460 
0.002080 
0.001620 
0.001130 
0.000660 
0.000250 
-0.000050 
-0.000260 
-0.000370 
-0.000420 
-0.000430 
-0.000440 
-0.000470 
-0.000520 
-0.000610 
-0.000730 
-0.000890 
-0.001060 
-0.001200 
-0.001270 
-0.001250 
-0.001170 
-0.001070 
-0.000980 
-0.000890 
-0.000800 
-0.000690 
-0.000540 
-0.000380 
-0.000220 
-0.000080 
0.000050 
0.000160 
0.000250 
0.000310 
0.000310 
0.000240 
0.000090 
-0.000100 
-0.000290 
-0.000420 
-0.000470 
-0.000440 
-0.000340 
-0.000190 
-0.000030 
0.000150 
0.000310 
0.000450 
0.000560 
0.000630 
0.000660 
0.000670 
0.000660 
0.000650 
0.000620 
0.000570 
0.000510 
0.000420 
0.000340 
0.000270 
0.000220 
0.000210 
0.000260 
0.000350 
0.000470 
0.000600 
0.000710 
0.000770 
0.000760 
0.000640 
0.000400 
0.000030 
-0.000440 
-0.000970 
-0.001510 
-0.002010 
-0.002420 
-0.002690 
-0.002790 
-0.002710 
-0.002470 
-0.002110 
-0.001690 
-0.001250 
-0.000860 
-0.000540 
-0.000310 
-0.000170 
-0.000120 
-0.000160 
-0.000260 
-0.000340 
-0.000350 
-0.000270 
-0.000100 
0.000150 
0.000470 
0.000820 
0.001200 
0.001570 
0.001930 
0.002260 
0.002540 
0.002730 
0.002820 
0.002800 
0.002670 
0.002430 
0.002060 
0.001550 
0.000960 
0.000340 
-0.000220 
-0.000660 
-0.000930 
-0.001040 
-0.001050 
-0.000990 
-0.000910 
-0.000820 
-0.000730 
-0.000690 
-0.000750 
-0.000950 
-0.001260 
-0.001640 
-0.002010 
-0.002320 
-0.002530 
-0.002590 
-0.002510 
-0.002310 
-0.002020 
-0.001680 
-0.001330 
-0.000980 
-0.000660 
-0.000370 
-0.000120 
0.000100 
0.000270 
0.000410 
0.000520 
0.000610 
0.000680 
0.000720 
0.000730 
0.000700 
0.000650 
0.000610 
0.000590 
0.000610 
0.000680 
0.000790 
0.000930 
0.001070 
0.001170 
0.001230 
0.001240 
0.001210 
0.001130 
0.000970 
0.000760 
0.000520 
0.000280 
0.000070 
-0.000090 
-0.000200 
-0.000260 
-0.000260 
-0.000230 
-0.000180 
-0.000110 
-0.000040 
0.000020 
0.000040 
-0.000000 
-0.000110 
-0.000260 
-0.000420 
-0.000580 
-0.000750 
-0.000920 
-0.001120 
-0.001340 
-0.001550 
-0.001720 
-0.001800 
-0.001780 
-0.001680 
-0.001530 
-0.001360 
-0.001180 
-0.000970 
-0.000730 
-0.000480 
-0.000260 
-0.000100 
-0.000000 
0.000030 
0.000030 
0.000020 
0.000050 
0.000140 
0.000320 
0.000550 
0.000840 
0.001160 
0.001510 
0.001880 
0.002230 
0.002540 
0.002780 
0.002980 
0.003120 
0.003190 
0.003180 
0.003040 
0.002770 
0.002380 
0.001900 
0.001390 
0.000870 
0.000390 
-0.000050 
-0.000410 
-0.000690 
-0.000880 
-0.001010 
-0.001100 
-0.001190 
-0.001290 
-0.001430 
-0.001600 
-0.001830 
-0.002110 
-0.002410 
-0.002700 
-0.002940 
-0.003080 
-0.003110 
-0.003010 
-0.002800 
-0.002500 
-0.002140 
-0.001730 
-0.001280 
-0.000780 
-0.000260 
0.000250 
0.000720 
0.001120 
0.001450 
0.001700 
0.001880 
0.001980 
0.001980 
0.001890 
0.001720 
0.001560 
0.001450 
0.001430 
0.001490 
0.001600 
0.001710 
0.001830 
0.001930 
0.002010 
0.002020 
0.001930 
0.001700 
0.001350 
0.000900 
0.000410 
-0.000060 
-0.000450 
-0.000740 
-0.000930 
-0.001060 
-0.001120 
-0.001120 
-0.001070 
-0.000980 
-0.000880 
-0.000820 
-0.000800 
-0.000800 
-0.000810 
-0.000810 
-0.000790 
-0.000770 
-0.000770 
-0.000810 
-0.000890 
-0.001010 
