0.019150 
0.015220 
0.007980 
-0.001250 
-0.010940 
-0.019570 
-0.025870 
-0.029140 
-0.029460 
-0.027570 
-0.024740 
-0.022240 
-0.020930 
-0.020830 
-0.021080 
-0.020180 
-0.016610 
-0.009450 
0.001070 
0.013520 
0.025540 
0.034500 
0.038200 
0.035580 
0.027150 
0.014880 
0.001650 
-0.009440 
-0.015920 
-0.016600 
-0.011820 
-0.003280 
0.006710 
0.015860 
0.022490 
0.025850 
0.026230 
0.024690 
0.022690 
0.021590 
0.022200 
0.024460 
0.027420 
0.029510 
0.029100 
0.025000 
0.016840 
0.005330 
-0.007810 
-0.020330 
-0.030040 
-0.035360 
-0.035740 
-0.031800 
-0.025110 
-0.017690 
-0.011410 
-0.007560 
-0.006560 
-0.007870 
-0.010200 
-0.012050 
-0.012270 
-0.010490 
-0.007290 
-0.004030 
-0.002300 
-0.003280 
-0.007250 
-0.013500 
-0.020480 
-0.026200 
-0.028760 
-0.026970 
-0.020730 
-0.011000 
0.000420 
0.011340 
0.019890 
0.024990 
0.026560 
0.025400 
0.022860 
0.020440 
0.019210 
0.019550 
0.021090 
0.022990 
0.024250 
0.024010 
0.021880 
0.018090 
0.013400 
0.008870 
0.005620 
0.004470 
0.005640 
0.008600 
0.012240 
0.015240 
0.016390 
0.015000 
0.011000 
0.005010 
-0.001900 
-0.008540 
-0.013840 
-0.017220 
-0.018700 
-0.018870 
-0.018620 
-0.018910 
-0.020460 
-0.023520 
-0.027710 
-0.032150 
-0.035650 
-0.037090 
-0.035660 
-0.031140 
-0.023960 
-0.015200 
-0.006350 
0.000990 
0.005390 
0.006060 
0.003010 
-0.002780 
-0.009720 
-0.015940 
-0.019870 
-0.020520 
-0.017670 
-0.011730 
-0.003600 
0.005680 
0.015180 
0.024220 
0.032350 
0.039240 
0.044580 
0.048030 
0.049260 
0.048000 
0.044150 
0.037830 
0.029470 
0.019830 
0.009930 
0.000960 
-0.005940 
-0.009890 
-0.010380 
-0.007360 
-0.001350 
0.006630 
0.015160 
0.022610 
0.027400 
0.028330 
0.024900 
0.017370 
0.006690 
-0.005790 
-0.018590 
-0.030430 
-0.040470 
-0.048250 
-0.053660 
-0.056760 
-0.057650 
-0.056380 
-0.052870 
-0.047070 
-0.039050 
-0.029140 
-0.017940 
-0.006410 
0.004200 
0.012620 
0.017760 
0.019020 
0.016370 
0.010490 
0.002600 
-0.005770 
-0.013130 
-0.018180 
-0.020020 
-0.018360 
-0.013520 
-0.006210 
0.002660 
0.012130 
0.021380 
0.029790 
0.036940 
0.042460 
0.045970 
0.047090 
0.045570 
0.041340 
0.034710 
0.026320 
0.017080 
0.007990 
0.000030 
-0.005970 
-0.009470 
-0.010320 
-0.008770 
-0.005410 
-0.001190 
0.002780 
0.005500 
0.006280 
0.004820 
0.001240 
-0.003910 
-0.009830 
-0.015660 
-0.020710 
-0.024490 
-0.026790 
-0.027700 
-0.027510 
-0.026500 
-0.024820 
-0.022470 
-0.019350 
-0.015330 
-0.010410 
-0.004890 
0.000600 
0.005380 
0.008840 
0.010570 
0.010470 
0.008840 
0.006240 
0.003370 
0.000980 
-0.000240 
0.000170 
0.002290 
0.005840 
0.010270 
0.014920 
0.019160 
0.022570 
0.024950 
0.026290 
0.026570 
0.025850 
0.024260 
0.021920 
0.018870 
0.015210 
0.011080 
0.006680 
0.002250 
-0.001800 
-0.004940 
-0.006640 
-0.006550 
-0.004590 
-0.001030 
0.003470 
0.007930 
0.011360 
0.012910 
0.011950 
0.008190 
0.001820 
-0.006530 
-0.015880 
-0.025090 
-0.032990 
-0.038590 
-0.041340 
-0.041110 
-0.038170 
-0.033140 
-0.026950 
-0.020600 
-0.015020 
-0.010930 
-0.008710 
-0.008340 
-0.009360 
-0.011010 
-0.012470 
-0.013000 
-0.012070 
-0.009430 
-0.005110 
0.000660 
0.007530 
0.015070 
0.022670 
0.029600 
0.035070 
0.038300 
0.038620 
0.035580 
0.029120 
0.019630 
0.008150 
-0.003680 
-0.013690 
-0.019700 
-0.020030 
-0.013910 
-0.001840 
0.014470 
0.032340 
0.048730 
0.060800 
0.066410 
0.064400 
0.054710 
0.038370 
0.017160 
-0.006670 
-0.030720 
-0.052700 
-0.070650 
-0.083040 
-0.088860 
-0.087720 
-0.079910 
-0.066370 
-0.048680 
-0.028790 
-0.008920 
0.008820 
0.022590 
0.030950 
0.033040 
0.028610 
0.018220 
0.003170 
-0.014490 
-0.032190 
-0.047130 
-0.056800 
-0.059470 
-0.054490 
-0.042400 
-0.024680 
-0.003370 
0.019280 
0.041100 
0.060210 
0.075160 
0.084900 
0.088820 
0.086670 
0.078670 
0.065610 
0.048840 
0.030240 
0.012020 
-0.003650 
-0.014940 
-0.020650 
-0.020410 
-0.014650 
-0.004600 
0.008020 
0.021240 
0.033080 
0.041750 
0.045790 
0.044280 
0.037020 
0.024590 
0.008260 
-0.010220 
-0.029010 
-0.046560 
-0.061630 
-0.073320 
-0.080990 
-0.084200 
-0.082670 
-0.076340 
-0.065510 
-0.050940 
-0.033830 
-0.015810 
0.001250 
0.015410 
0.025080 
0.029250 
0.027640 
0.020730 
0.009760 
-0.003500 
-0.016990 
-0.028670 
-0.036670 
-0.039600 
-0.036750 
-0.028170 
-0.014650 
0.002410 
0.021180 
0.039740 
0.056410 
0.069940 
0.079410 
0.084220 
0.084020 
0.078710 
0.068430 
0.053830 
0.036160 
0.017220 
-0.000860 
-0.015910 
-0.026100 
-0.030350 
-0.028480 
-0.021270 
-0.010220 
0.002620 
0.015010 
0.024890 
0.030630 
0.031210 
0.026300 
0.016380 
0.002550 
-0.013650 
-0.030470 
-0.046100 
-0.058890 
-0.067580 
-0.071460 
-0.070380 
-0.064680 
-0.055170 
-0.042900 
-0.029030 
-0.014770 
-0.001440 
0.009670 
0.017410 
0.020980 
0.020120 
0.015240 
0.007480 
-0.001560 
-0.010060 
-0.016290 
-0.018870 
-0.017030 
-0.010810 
-0.000970 
0.011130 
0.023770 
0.035180 
0.043930 
0.049170 
0.050670 
0.048750 
0.044110 
0.037690 
0.030390 
0.022970 
0.015990 
0.009780 
0.004380 
-0.000300 
-0.004340 
-0.007710 
-0.010300 
-0.012080 
-0.013030 
-0.013310 
-0.013250 
-0.013290 
-0.013860 
-0.015230 
-0.017490 
-0.020560 
-0.024200 
-0.028080 
-0.031920 
-0.035390 
-0.038050 
-0.039480 
-0.039400 
-0.037740 
-0.034630 
-0.030370 
-0.025370 
-0.019970 
-0.014410 
-0.008920 
-0.003710 
0.001090 
0.005430 
0.009360 
0.012930 
0.016180 
0.019180 
0.022000 
0.024710 
0.027450 
0.030370 
0.033510 
0.036810 
0.040020 
0.042740 
0.044470 
0.044760 
0.043440 
0.040660 
0.036800 
0.032310 
0.027600 
0.023050 
0.018900 
0.015250 
0.012130 
0.009390 
0.006770 
0.003970 
0.000830 
-0.002680 
-0.006450 
-0.010350 
-0.014230 
-0.017990 
-0.021640 
-0.025240 
-0.028890 
-0.032710 
-0.036770 
-0.041000 
-0.045190 
-0.048960 
-0.051840 
-0.053320 
-0.052930 
-0.050370 
-0.045640 
-0.038970 
-0.030830 
-0.021840 
-0.012660 
-0.003930 
0.003790 
0.010010 
0.014360 
0.016730 
0.017290 
0.016490 
0.014870 
0.013060 
0.011610 
0.011050 
0.011830 
0.014350 
0.018820 
0.025220 
0.033240 
0.042250 
0.051360 
0.059450 
0.065380 
0.068200 
0.067290 
0.062440 
0.053930 
0.042510 
0.029280 
0.015540 
0.002580 
-0.008490 
-0.016910 
-0.022280 
-0.024470 
-0.023640 
-0.020250 
-0.015060 
-0.009100 
-0.003560 
0.000330 
0.001530 
-0.000630 
-0.006350 
-0.015340 
-0.026800 
-0.039520 
-0.052030 
-0.062760 
-0.070260 
-0.073400 
-0.071530 
-0.064680 
-0.053540 
-0.039360 
-0.023780 
-0.008600 
0.004530 
0.014360 
0.020140 
0.021760 
0.019730 
0.015120 
0.009210 
0.003280 
-0.001670 
-0.004940 
-0.006140 
-0.005050 
-0.001610 
0.004100 
0.011700 
0.020530 
0.029730 
0.038300 
0.045250 
0.049750 
0.051300 
0.049710 
0.045110 
0.037950 
0.028970 
0.019120 
0.009430 
0.000940 
-0.005470 
-0.009300 
-0.010580 
-0.009750 
-0.007650 
-0.005260 
-0.003500 
-0.002910 
-0.003610 
-0.005310 
-0.007470 
-0.009510 
-0.011040 
-0.012070 
-0.012880 
-0.013870 
-0.015310 
-0.017230 
-0.019350 
-0.021180 
-0.022170 
-0.022000 
-0.020510 
-0.017750 
-0.013940 
-0.009430 
-0.004650 
-0.000090 
0.003740 
0.006350 
0.007410 
0.006890 
0.005020 
0.002210 
-0.000970 
-0.003950 
-0.006270 
-0.007670 
-0.008000 
-0.007120 
-0.004980 
-0.001500 
0.003330 
0.009450 
0.016490 
0.023730 
0.030150 
0.034570 
0.035840 
0.033190 
0.026520 
0.016450 
0.004270 
-0.008340 
-0.019590 
-0.027930 
-0.032330 
-0.032300 
-0.027900 
-0.019670 
-0.008610 
0.004010 
0.016790 
0.028330 
0.037310 
0.042670 
0.043710 
0.040180 
0.032240 
0.020540 
0.006280 
-0.008990 
-0.023520 
-0.035530 
-0.043490 
-0.046310 
-0.043620 
-0.035740 
-0.023630 
-0.008870 
0.006550 
0.020560 
0.031320 
0.037470 
0.038430 
0.034420 
0.026340 
0.015500 
0.003270 
-0.008990 
-0.020120 
-0.029260 
-0.035750 
-0.039130 
-0.039070 
-0.035500 
-0.028600 
-0.018800 
-0.006850 
0.006170 
0.018900 
0.029900 
0.037820 
0.041620 
0.040800 
0.035550 
0.026690 
0.015470 
0.003320 
-0.008270 
-0.017930 
-0.024570 
-0.027540 
-0.026700 
-0.022550 
-0.016100 
-0.008600 
-0.001210 
0.005230 
0.010320 
0.014080 
0.016850 
0.018980 
0.020500 
0.021070 
0.019970 
0.016370 
0.009610 
-0.000370 
-0.012820 
-0.026240 
-0.038610 
-0.047780 
-0.052000 
-0.050410 
-0.043250 
-0.031810 
-0.018070 
-0.004260 
0.007630 
0.016270 
0.021060 
0.022120 
0.020080 
0.015910 
0.010600 
0.004940 
-0.000570 
-0.005730 
-0.010450 
-0.014600 
-0.017780 
-0.019360 
-0.018540 
-0.014690 
-0.007560 
0.002490 
0.014430 
0.026750 
0.037730 
0.045770 
0.049670 
0.048910 
0.043750 
0.035180 
0.024750 
0.014220 
0.005200 
-0.001190 
-0.004490 
-0.004910 
-0.003080 
0.000160 
0.003950 
0.007600 
0.010630 
0.012710 
0.013560 
0.012940 
0.010630 
0.006490 
0.000450 
-0.007340 
-0.016440 
-0.026050 
-0.035140 
-0.042590 
-0.047470 
-0.049230 
-0.047800 
-0.043560 
-0.037200 
-0.029600 
-0.021620 
-0.014050 
-0.007530 
-0.002590 
0.000490 
0.001670 
0.001160 
-0.000690 
-0.003500 
-0.006820 
-0.010270 
-0.013450 
-0.015890 
-0.016990 
-0.016080 
-0.012560 
-0.006180 
0.002850 
0.013760 
0.025340 
0.036220 
0.045140 
0.051110 
0.053630 
0.052800 
0.049210 
0.043750 
0.037390 
0.030950 
0.025070 
0.020100 
0.016210 
0.013450 
0.011770 
0.010920 
0.010500 
0.010010 
0.008990 
0.007150 
0.004470 
0.001260 
-0.002000 
-0.004960 
-0.007510 
-0.009790 
-0.012150 
-0.014940 
-0.018290 
-0.022000 
-0.025610 
-0.028570 
-0.030400 
-0.030880 
-0.030170 
-0.028760 
-0.027210 
-0.026000 
-0.025410 
-0.025490 
-0.026040 
-0.026670 
-0.027020 
-0.026830 
-0.025940 
-0.024240 
-0.021610 
-0.017920 
-0.012990 
-0.006760 
0.000520 
0.008360 
0.016040 
0.022860 
0.028240 
0.031810 
0.033480 
0.033350 
0.031610 
0.028520 
0.024470 
0.019910 
0.015400 
0.011500 
0.008750 
0.007560 
0.008120 
0.010390 
0.014100 
0.018780 
0.023740 
0.028170 
0.031290 
0.032360 
0.030820 
0.026430 
0.019330 
0.009980 
-0.000820 
-0.012020 
-0.022370 
-0.030730 
-0.036220 
-0.038410 
-0.037340 
-0.033580 
-0.028070 
-0.021850 
-0.015820 
-0.010750 
-0.007130 
-0.005220 
-0.005040 
-0.006470 
-0.009260 
-0.012990 
-0.017140 
-0.021150 
-0.024470 
-0.026550 
-0.026920 
-0.025210 
-0.021200 
-0.014820 
-0.006310 
0.003680 
0.014220 
0.024250 
0.032650 
0.038430 
0.040880 
0.039760 
0.035320 
0.028300 
0.019830 
0.011210 
0.003600 
-0.002200 
-0.005840 
-0.007330 
-0.006980 
-0.005170 
-0.002190 
0.001790 
0.006570 
0.011770 
0.016840 
0.021020 
0.023410 
0.023140 
0.019590 
0.012590 
0.002490 
-0.009830 
-0.022960 
-0.035240 
-0.045030 
-0.051060 
-0.052540 
-0.049380 
-0.042110 
-0.031790 
-0.019720 
-0.007300 
0.004140 
0.013500 
0.020050 
0.023500 
0.023980 
0.021940 
0.018010 
0.012840 
0.006950 
0.000810 
-0.005070 
-0.010030 
-0.013310 
-0.014090 
-0.011690 
-0.005810 
0.003310 
0.014890 
0.027660 
0.040020 
0.050270 
0.056960 
0.059100 
0.056370 
0.049150 
0.038450 
0.025700 
0.012460 
0.000140 
-0.010060 
-0.017330 
-0.021270 
-0.021840 
-0.019350 
-0.014410 
-0.007940 
-0.001030 
0.005140 
0.009450 
0.010950 
0.009020 
0.003460 
-0.005460 
-0.016910 
-0.029580 
-0.041860 
-0.052100 
-0.058970 
-0.061700 
-0.060130 
-0.054760 
-0.046470 
-0.036320 
-0.025350 
-0.014480 
-0.004480 
0.004030 
0.010520 
0.014550 
0.015810 
0.014190 
0.009850 
0.003350 
-0.004350 
-0.011920 
-0.017920 
-0.020980 
-0.020070 
-0.014650 
-0.004860 
0.008510 
0.024100 
0.040230 
0.055040 
0.066790 
0.074070 
0.076060 
0.072640 
0.064450 
0.052780 
0.039200 
0.025300 
0.012400 
0.001510 
-0.006710 
-0.011910 
-0.013980 
-0.013000 
-0.009350 
-0.003720 
0.002890 
0.009320 
0.014370 
0.017000 
0.016500 
0.012600 
0.005410 
-0.004580 
-0.016490 
-0.029190 
-0.041470 
-0.052180 
-0.060350 
-0.065240 
-0.066440 
-0.063920 
-0.057990 
-0.049290 
-0.038810 
-0.027730 
-0.017180 
-0.008050 
-0.000910 
0.003950 
0.006490 
0.006810 
0.005040 
0.001420 
-0.003590 
-0.009290 
-0.014740 
-0.018890 
-0.020710 
-0.019440 
-0.014720 
-0.006650 
0.004250 
0.017090 
0.030640 
0.043540 
0.054420 
0.061970 
0.065140 
0.063430 
0.056970 
0.046550 
0.033450 
0.019340 
0.006030 
-0.004900 
-0.012350 
-0.015860 
-0.015620 
-0.012320 
-0.006910 
-0.000230 
0.007010 
0.014100 
0.020190 
0.024350 
0.025650 
0.023300 
0.016990 
0.007020 
-0.005570 
-0.019280 
-0.032350 
-0.043050 
-0.050020 
-0.052550 
-0.050530 
-0.044430 
-0.035200 
-0.024170 
-0.012810 
-0.002490 
0.005730 
0.011190 
0.013810 
0.014040 
0.012630 
0.010380 
0.007960 
0.005760 
0.003820 
0.001940 
-0.000160 
-0.002530 
-0.004790 
-0.006170 
-0.005660 
-0.002430 
0.003710 
0.012180 
0.021730 
0.030800 
0.037770 
0.041390 
0.041030 
0.036860 
0.029630 
0.020500 
0.010780 
0.001670 
-0.005920 
-0.011410 
-0.014610 
-0.015750 
-0.015380 
-0.014220 
-0.012940 
-0.011930 
-0.011420 
-0.011370 
-0.011620 
-0.011940 
-0.012200 
-0.012440 
-0.012870 
-0.013780 
-0.015420 
-0.017740 
-0.020360 
-0.022570 
-0.023620 
-0.022910 
-0.020260 
-0.015900 
-0.010470 
-0.004750 
0.000600 
0.005130 
0.008680 
0.011360 
0.013460 
0.015220 
0.016780 
0.018170 
0.019300 
0.020020 
0.020190 
0.019720 
0.018690 
0.017290 
0.015870 
0.014810 
0.014470 
0.014950 
0.016180 
0.017890 
0.019620 
0.020760 
0.020660 
0.018800 
0.014970 
0.009390 
0.002680 
-0.004290 
-0.010640 
-0.015750 
-0.019330 
-0.021440 
-0.022440 
-0.022810 
-0.022870 
-0.022770 
-0.022470 
-0.021940 
-0.021170 
-0.020250 
-0.019370 
-0.018700 
-0.018410 
-0.018620 
-0.019380 
-0.020550 
-0.021850 
-0.022860 
-0.023130 
-0.022310 
-0.020150 
-0.016600 
-0.011810 
-0.006140 
-0.000060 
0.005830 
0.010920 
0.014740 
0.017050 
0.017960 
0.017880 
0.017430 
0.017230 
0.017640 
0.018670 
0.020010 
0.021270 
0.022100 
0.022430 
0.022480 
0.022570 
0.022950 
0.023620 
0.024300 
0.024520 
0.023780 
0.021660 
0.018060 
0.013220 
0.007630 
0.001960 
-0.003160 
-0.007300 
-0.010250 
-0.012020 
-0.012680 
-0.012370 
-0.011240 
-0.009510 
-0.007530 
-0.005810 
-0.004900 
-0.005260 
-0.007080 
-0.010230 
-0.014260 
-0.018530 
-0.022440 
-0.025610 
-0.027820 
-0.028900 
-0.028650 
-0.026830 
-0.023290 
-0.018010 
-0.011280 
-0.003740 
0.003770 
0.010370 
0.015270 
0.017940 
0.018220 
0.016390 
0.013000 
0.008760 
0.004430 
0.000720 
-0.001800 
-0.002780 
-0.002090 
0.000270 
0.004090 
0.008990 
0.014430 
0.019820 
0.024520 
0.028000 
0.029990 
0.030400 
0.029220 
0.026440 
0.022020 
0.016050 
0.008760 
0.000680 
-0.007430 
-0.014640 
-0.020110 
-0.023280 
-0.023890 
-0.022120 
-0.018440 
-0.013520 
-0.008040 
-0.002640 
0.002060 
0.005510 
0.007320 
0.007210 
0.005110 
0.001200 
-0.004090 
-0.010130 
-0.016240 
-0.021720 
-0.025930 
-0.028410 
-0.028940 
-0.027500 
-0.024120 
-0.018940 
-0.012170 
-0.004150 
0.004580 
0.013160 
0.020560 
0.025840 
0.028380 
0.027950 
0.024780 
0.019480 
0.012880 
0.005860 
-0.000800 
-0.006430 
-0.010460 
-0.012450 
-0.012110 
-0.009400 
-0.004560 
0.001790 
0.008830 
0.015660 
0.021420 
0.025310 
0.026760 
0.025560 
0.021850 
0.016050 
0.008780 
0.000760 
-0.007320 
-0.014820 
-0.021160 
-0.025810 
-0.028350 
-0.028570 
-0.026490 
-0.022360 
-0.016690 
-0.010190 
-0.003630 
0.002300 
0.006980 
0.009870 
0.010570 
0.008870 
0.004820 
-0.001140 
-0.008110 
-0.014920 
-0.020360 
-0.023490 
-0.023730 
-0.020970 
-0.015570 
-0.008220 
0.000150 
0.008600 
0.016280 
0.022570 
0.027110 
0.029740 
0.030390 
0.029100 
0.026040 
0.021570 
0.016180 
0.010490 
0.005230 
0.001070 
-0.001550 
-0.002400 
-0.001500 
0.000920 
0.004480 
0.008700 
0.013090 
0.017030 
0.019850 
0.020950 
0.019920 
0.016700 
0.011550 
0.005060 
-0.002090 
-0.009220 
-0.015840 
-0.021580 
-0.026240 
-0.029680 
-0.031770 
-0.032350 
-0.031270 
-0.028500 
-0.024240 
-0.018960 
-0.013400 
-0.008410 
-0.004780 
-0.003040 
-0.003300 
-0.005250 
-0.008310 
-0.011720 
-0.014810 
-0.017070 
-0.018190 
-0.017910 
-0.016060 
-0.012540 
-0.007400 
-0.000950 
0.006250 
0.013540 
0.020290 
0.026090 
0.030690 
0.033970 
0.035910 
0.036510 
0.035740 
0.033620 
0.030200 
0.025750 
0.020750 
0.015880 
0.011930 
0.009520 
0.008950 
0.010100 
0.012490 
0.015370 
0.017870 
0.019250 
0.019110 
0.017360 
0.014210 
0.009950 
0.004900 
-0.000780 
-0.006910 
-0.013240 
-0.019390 
-0.024930 
-0.029500 
-0.032880 
-0.034970 
-0.035810 
-0.035530 
-0.034230 
-0.032050 
-0.029160 
-0.025840 
-0.022410 
-0.019330 
-0.017100 
-0.016100 
-0.016430 
-0.017860 
-0.019890 
-0.021870 
-0.023130 
-0.023150 
-0.021650 
-0.018610 
-0.014300 
-0.009120 
-0.003440 
0.002520 
0.008680 
0.014930 
0.020990 
0.026420 
0.030700 
0.033390 
0.034280 
0.033470 
0.031360 
0.028530 
0.025570 
0.022990 
0.021150 
0.020170 
0.020000 
0.020490 
0.021410 
0.022430 
0.023160 
0.023280 
0.022550 
0.020890 
0.018310 
0.014980 
0.011100 
0.006860 
0.002430 
-0.002030 
-0.006420 
-0.010710 
-0.014850 
-0.018680 
-0.021900 
-0.024150 
-0.025210 
-0.025050 
-0.023960 
-0.022440 
-0.021020 
-0.020120 
-0.019880 
-0.020220 
-0.020780 
-0.021160 
-0.021060 
-0.020350 
-0.019080 
-0.017330 
-0.015210 
-0.012820 
-0.010220 
-0.007450 
-0.004540 
-0.001550 
0.001540 
0.004730 
0.007950 
0.011120 
0.014110 
0.016800 
0.018990 
0.020510 
0.021260 
0.021240 
0.020520 
0.019300 
0.017910 
0.016640 
0.015630 
0.014860 
0.014150 
0.013240 
0.011870 
0.009990 
0.007710 
0.005290 
0.002970 
0.000930 
-0.000790 
-0.002280 
-0.003720 
-0.005230 
-0.006870 
-0.008650 
-0.010590 
-0.012600 
-0.014530 
-0.016190 
-0.017380 
-0.017910 
-0.017680 
-0.016800 
-0.015500 
-0.014030 
-0.012680 
-0.011660 
-0.011060 
-0.010780 
-0.010570 
-0.010120 
-0.009130 
-0.007390 
-0.004860 
-0.001750 
0.001600 
0.004800 
0.007550 
0.009670 
0.011140 
0.012120 
0.012770 
0.013180 
0.013440 
0.013660 
0.013930 
0.014280 
0.014740 
0.015220 
0.015550 
0.015560 
0.015150 
0.014410 
0.013520 
0.012670 
0.012000 
0.011550 
0.011170 
0.010630 
0.009690 
0.008130 
0.005800 
0.002660 
-0.001160 
-0.005350 
-0.009530 
-0.013330 
-0.016420 
-0.018660 
-0.020040 
-0.020640 
-0.020580 
-0.019960 
-0.018960 
-0.017740 
-0.016460 
-0.015290 
-0.014370 
-0.013790 
-0.013550 
-0.013570 
-0.013790 
-0.014140 
-0.014510 
-0.014790 
-0.014780 
-0.014220 
-0.012800 
-0.010340 
-0.006790 
-0.002280 
0.002890 
0.008300 
0.013430 
0.017810 
0.021050 
0.022930 
0.023420 
0.022720 
0.021170 
0.019140 
0.016940 
0.014850 
0.013100 
0.011890 
0.011420 
0.011860 
0.013250 
0.015450 
0.018160 
0.020910 
0.023150 
0.024320 
0.024030 
0.022080 
0.018490 
0.013450 
0.007270 
0.000420 
-0.006510 
-0.012940 
-0.018350 
-0.022430 
-0.025060 
-0.026270 
-0.026160 
-0.024890 
-0.022690 
-0.019900 
-0.016850 
-0.013920 
-0.011420 
-0.009630 
-0.008720 
-0.008820 
-0.009980 
-0.012170 
-0.015210 
-0.018720 
-0.022140 
-0.024750 
-0.025860 
-0.025010 
-0.022110 
-0.017440 
-0.011510 
-0.004970 
0.001540 
0.007490 
0.012500 
0.016380 
0.019070 
0.020620 
0.021150 
0.020770 
0.019570 
0.017730 
0.015490 
0.013140 
0.011020 
0.009440 
0.008670 
0.008840 
0.009920 
0.011760 
0.014170 
0.016870 
0.019590 
0.022000 
0.023710 
0.024300 
0.023410 
0.020900 
0.016890 
0.011710 
0.005840 
-0.000200 
-0.005980 
-0.011150 
-0.015440 
-0.018630 
-0.020590 
-0.021290 
-0.020800 
-0.019270 
-0.017000 
-0.014380 
-0.011840 
-0.009780 
-0.008560 
-0.008410 
-0.009360 
-0.011280 
-0.013960 
-0.017070 
-0.020240 
-0.023090 
-0.025280 
-0.026470 
-0.026280 
-0.024420 
-0.020770 
-0.015490 
-0.008990 
-0.001930 
0.004940 
0.011040 
0.015950 
0.019440 
0.021330 
0.021540 
0.020110 
0.017250 
0.013370 
0.009140 
0.005390 
0.002910 
0.002290 
0.003810 
0.007310 
0.012240 
0.017800 
0.023160 
0.027600 
0.030610 
0.031850 
0.031220 
0.028840 
0.024870 
0.019550 
0.013170 
0.006130 
-0.001070 
-0.007790 
-0.013370 
-0.017340 
-0.019580 
-0.020230 
-0.019590 
-0.018030 
-0.015840 
-0.013280 
-0.010500 
-0.007720 
-0.005300 
-0.003700 
-0.003320 
-0.004480 
-0.007220 
-0.011260 
-0.015990 
-0.020740 
-0.024830 
-0.027680 
-0.028830 
-0.028040 
-0.025330 
-0.020940 
-0.015220 
-0.008680 
-0.001860 
0.004650 
0.010280 
0.014480 
0.016870 
0.017360 
0.016210 
0.013980 
0.011320 
0.008850 
0.006980 
0.005860 
0.005490 
0.005800 
0.006680 
0.008050 
0.009930 
0.012280 
0.014960 
0.017670 
0.020070 
0.021920 
0.022990 
0.023070 
0.022000 
0.019750 
0.016380 
0.012080 
0.007110 
0.001850 
-0.003330 
-0.008070 
-0.011960 
-0.014620 
-0.015810 
-0.015500 
-0.013910 
-0.011450 
-0.008650 
-0.006070 
-0.004180 
-0.003250 
-0.003390 
-0.004540 
-0.006530 
-0.009170 
-0.012230 
-0.015370 
-0.018140 
-0.020020 
-0.020660 
-0.019920 
-0.017870 
-0.014780 
-0.011010 
-0.006950 
-0.002940 
0.000720 
0.003770 
0.006020 
0.007380 
0.007870 
0.007580 
0.006670 
0.005350 
0.003950 
0.002830 
0.002350 
0.002770 
0.004140 
0.006280 
0.008800 
0.011220 
0.013020 
0.013860 
0.013680 
0.012580 
0.010730 
0.008220 
0.005170 
0.001710 
-0.001960 
-0.005510 
-0.008630 
-0.010990 
-0.012390 
-0.012730 
-0.012040 
-0.010430 
-0.008140 
-0.005510 
-0.002890 
-0.000610 
0.001020 
0.001800 
0.001590 
0.000310 
-0.002020 
-0.005210 
-0.008840 
-0.012300 
-0.014890 
-0.015930 
-0.014940 
-0.011810 
-0.006790 
-0.000480 
0.006320 
0.012780 
0.018160 
0.021960 
0.023910 
0.023920 
0.022170 
0.019080 
0.015280 
0.011500 
0.008370 
0.006370 
0.005670 
0.006150 
0.007480 
0.009240 
0.010980 
0.012290 
0.012900 
0.012700 
0.011760 
0.010210 
0.008270 
0.006120 
0.003850 
0.001460 
-0.001080 
-0.003780 
-0.006620 
-0.009500 
-0.012270 
-0.014690 
-0.016560 
-0.017700 
-0.017960 
-0.017230 
-0.015580 
-0.013260 
-0.010720 
-0.008560 
-0.007350 
-0.007380 
-0.008610 
-0.010710 
-0.013230 
-0.015650 
-0.017440 
-0.018170 
-0.017600 
-0.015670 
-0.012540 
-0.008540 
-0.004080 
0.000440 
0.004740 
0.008560 
0.011740 
0.014190 
0.015850 
0.016620 
0.016420 
0.015270 
0.013330 
0.010890 
0.008300 
0.005990 
0.004280 
0.003360 
0.003220 
0.003770 
0.004780 
0.005940 
0.006920 
0.007540 
0.007780 
0.007640 
0.007170 
0.006420 
0.005340 
0.003800 
0.001680 
-0.001030 
-0.004250 
-0.007800 
-0.011370 
-0.014610 
-0.017170 
-0.018750 
-0.019140 
-0.018140 
-0.015750 
-0.012190 
-0.007890 
-0.003400 
0.000690 
0.003950 
0.006210 
0.007570 
0.008240 
0.008420 
0.008330 
0.008130 
0.007870 
0.007530 
0.007070 
0.006540 
0.006070 
0.005910 
0.006400 
0.007830 
0.010320 
0.013700 
0.017610 
0.021440 
0.024470 
0.026020 
0.025610 
0.023030 
0.018250 
0.011480 
0.003200 
-0.005900 
-0.015010 
-0.023270 
-0.029870 
-0.034290 
-0.036310 
-0.035970 
-0.033520 
-0.029390 
-0.024170 
-0.018540 
-0.013190 
-0.008770 
-0.005880 
-0.004880 
-0.005910 
-0.008840 
-0.013310 
-0.018750 
-0.024380 
-0.029360 
-0.032830 
-0.034000 
-0.032260 
-0.027430 
-0.019740 
-0.009840 
0.001400 
0.012980 
0.023910 
0.033320 
0.040540 
0.045160 
0.047080 
0.046550 
0.044060 
0.040220 
0.035650 
0.030890 
0.026350 
0.022330 
0.019010 
0.016480 
0.014780 
0.013900 
0.013830 
0.014590 
0.016080 
0.018050 
0.020130 
0.021810 
0.022450 
0.021380 
0.018080 
0.012420 
0.004650 
-0.004600 
-0.014460 
-0.024000 
-0.032460 
-0.039210 
-0.043820 
-0.046020 
-0.045760 
-0.043200 
-0.038680 
-0.032710 
-0.025970 
-0.019220 
-0.013190 
-0.008510 
-0.005640 
-0.004760 
-0.005800 
-0.008420 
-0.012120 
-0.016270 
-0.020190 
-0.023240 
-0.024890 
-0.024670 
-0.022230 
-0.017390 
-0.010260 
-0.001350 
0.008530 
0.018300 
0.026870 
0.033430 
0.037520 
0.039070 
0.038320 
0.035730 
0.031830 
0.027160 
0.022230 
0.017500 
0.013370 
0.010150 
0.008120 
0.007500 
0.008410 
0.010780 
0.014360 
0.018640 
0.022900 
0.026250 
0.027840 
0.027060 
0.023610 
0.017610 
0.009520 
0.000120 
-0.009620 
-0.018710 
-0.026230 
-0.031480 
-0.034150 
-0.034330 
-0.032430 
-0.029070 
-0.024980 
-0.020800 
-0.016980 
-0.013860 
-0.011650 
-0.010510 
-0.010480 
-0.011560 
-0.013620 
-0.016400 
-0.019480 
-0.022420 
-0.024710 
-0.025850 
-0.025350 
-0.022850 
-0.018280 
-0.011870 
-0.004170 
0.004080 
0.012110 
0.019300 
0.025270 
0.029810 
0.032870 
0.034480 
0.034760 
0.033870 
0.031970 
0.029240 
0.025860 
0.022010 
0.017880 
0.013750 
0.009980 
0.006890 
0.004780 
0.003840 
0.004030 
0.005080 
0.006470 
0.007670 
0.008200 
0.007730 
0.006160 
0.003600 
0.000260 
-0.003640 
-0.007870 
-0.012210 
-0.016550 
-0.020850 
-0.025040 
-0.028920 
-0.032190 
-0.034520 
-0.035570 
-0.035120 
-0.033180 
-0.029990 
-0.025860 
-0.021100 
-0.016030 
-0.010930 
-0.006070 
-0.001720 
0.001770 
0.004130 
0.005230 
0.005180 
0.004290 
0.003020 
0.001900 
0.001460 
0.002070 
0.003960 
0.007200 
0.011650 
0.016930 
0.022460 
0.027690 
0.032060 
0.035130 
0.036600 
0.036340 
0.034390 
0.030900 
0.026210 
0.020820 
0.015300 
0.010150 
0.005750 
0.002310 
-0.000190 
-0.001910 
-0.003090 
-0.003900 
-0.004500 
-0.005010 
-0.005540 
-0.006170 
-0.007000 
-0.008050 
-0.009280 
-0.010670 
-0.012260 
-0.014200 
-0.016550 
-0.019260 
-0.022200 
-0.025190 
-0.027980 
-0.030310 
-0.031970 
-0.032710 
-0.032240 
-0.030340 
-0.026940 
-0.022200 
-0.016490 
-0.010320 
-0.004240 
0.001300 
0.006100 
0.010120 
0.013370 
0.015890 
0.017740 
0.018910 
0.019380 
0.019170 
0.018420 
0.017350 
0.016240 
0.015450 
0.015310 
0.016070 
0.017830 
0.020510 
0.023860 
0.027430 
0.030680 
0.033070 
0.034170 
0.033590 
0.031020 
0.026380 
0.019800 
0.011760 
0.002980 
-0.005660 
-0.013320 
-0.019410 
-0.023640 
-0.026020 
-0.026780 
-0.026240 
-0.024760 
-0.022660 
-0.020250 
-0.017910 
-0.016090 
-0.015150 
-0.015360 
-0.016820 
-0.019420 
-0.022900 
-0.026800 
-0.030620 
-0.033720 
-0.035510 
-0.035510 
-0.033470 
-0.029380 
-0.023400 
-0.015870 
-0.007290 
0.001740 
0.010510 
0.018330 
0.024570 
0.028790 
0.030850 
0.030900 
0.029320 
0.026610 
0.023320 
0.019920 
0.016790 
0.014280 
0.012660 
0.012130 
0.012760 
0.014430 
0.016890 
0.019740 
0.022600 
0.025090 
0.026880 
0.027640 
0.027070 
0.024950 
0.021200 
0.015910 
0.009320 
0.001850 
-0.005990 
-0.013670 
-0.020620 
-0.026340 
-0.030460 
-0.032780 
-0.033320 
-0.032310 
-0.030160 
-0.027330 
-0.024240 
-0.021190 
-0.018420 
-0.016110 
-0.014430 
-0.013600 
-0.013740 
-0.014860 
-0.016710 
-0.018890 
-0.020920 
-0.022290 
-0.022630 
-0.021690 
-0.019390 
-0.015820 
-0.011140 
-0.005660 
0.000360 
0.006720 
0.013280 
0.019820 
0.025970 
0.031300 
0.035340 
0.037670 
0.038030 
0.036470 
0.033360 
0.029250 
0.024790 
0.020590 
0.017110 
0.014680 
0.013480 
0.013590 
0.014880 
0.016980 
0.019360 
0.021410 
0.022560 
0.022350 
0.020560 
0.017190 
0.012400 
0.006430 
-0.000370 
-0.007600 
-0.014830 
-0.021670 
-0.027760 
-0.032770 
-0.036470 
-0.038680 
-0.039280 
-0.038240 
-0.035710 
-0.032060 
-0.027770 
-0.023410 
-0.019480 
-0.016330 
-0.014090 
-0.012740 
-0.012190 
-0.012320 
-0.012910 
-0.013660 
-0.014190 
-0.014120 
-0.013120 
-0.011010 
-0.007810 
-0.003630 
0.001360 
0.006930 
0.012800 
0.018650 
0.024210 
0.029170 
0.033200 
0.036040 
0.037540 
0.037680 
0.036480 
0.034080 
0.030720 
0.026670 
0.022200 
0.017640 
0.013360 
0.009660 
0.006730 
0.004710 
0.003650 
0.003490 
0.004040 
0.004980 
0.005870 
0.006210 
0.005550 
0.003710 
0.000730 
-0.003240 
-0.007960 
-0.013140 
-0.018430 
-0.023520 
-0.028100 
-0.031820 
-0.034390 
-0.035620 
-0.035440 
-0.033870 
-0.031040 
-0.027160 
-0.022460 
-0.017210 
-0.011810 
-0.006770 
-0.002600 
0.000380 
0.002000 
0.002260 
0.001340 
-0.000420 
-0.002600 
-0.004710 
-0.006260 
-0.006770 
-0.005890 
-0.003490 
0.000410 
0.005580 
0.011620 
0.018010 
0.024190 
0.029600 
0.033700 
0.036050 
0.036420 
0.034790 
0.031360 
0.026480 
0.020650 
0.014400 
0.008250 
0.002650 
-0.001950 
-0.005170 
-0.006800 
-0.006820 
-0.005450 
-0.003130 
-0.000430 
0.002060 
0.003900 
0.004760 
0.004390 
0.002650 
-0.000460 
-0.004790 
-0.010040 
-0.015800 
-0.021550 
-0.026800 
-0.031100 
-0.034010 
-0.035140 
-0.034260 
-0.031300 
-0.026460 
-0.020140 
-0.012970 
-0.005670 
0.001070 
0.006740 
0.010990 
0.013590 
0.014510 
0.013870 
0.011920 
0.009070 
0.005860 
0.002880 
0.000640 
-0.000440 
-0.000100 
0.001720 
0.004890 
0.009100 
0.014000 
0.019130 
0.023960 
0.027960 
0.030670 
0.031740 
0.030980 
0.028310 
0.023840 
0.017840 
0.010740 
0.003180 
-0.004150 
-0.010600 
-0.015680 
-0.019110 
-0.020790 
-0.020800 
-0.019370 
-0.016810 
-0.013490 
-0.009880 
-0.006510 
-0.003880 
-0.002380 
-0.002260 
-0.003560 
-0.006180 
-0.009930 
-0.014480 
-0.019390 
-0.024100 
-0.027930 
-0.030300 
-0.030710 
-0.028890 
-0.024840 
-0.018830 
-0.011400 
-0.003230 
0.004890 
0.012150 
0.017880 
0.021610 
0.023140 
0.022610 
0.020420 
0.017110 
0.013220 
0.009250 
0.005680 
0.002950 
0.001420 
0.001370 
0.002920 
0.005950 
0.010130 
0.014920 
0.019750 
0.024050 
0.027350 
0.029280 
0.029580 
0.028110 
0.024830 
0.019920 
0.013750 
0.006820 
-0.000310 
-0.007050 
-0.012800 
-0.017090 
-0.019640 
-0.020370 
-0.019430 
-0.017230 
-0.014250 
-0.010990 
-0.007840 
-0.005210 
-0.003410 
-0.002700 
-0.003290 
-0.005300 
-0.008690 
-0.013100 
-0.017950 
-0.022530 
-0.026120 
-0.028130 
-0.028210 
-0.026390 
-0.022880 
-0.018060 
-0.012390 
-0.006410 
-0.000570 
0.004760 
0.009290 
0.012880 
0.015480 
0.017100 
0.017780 
0.017540 
0.016510 
0.014890 
0.012950 
0.010930 
0.009140 
0.007840 
0.007270 
0.007550 
0.008740 
0.010770 
0.013410 
0.016280 
0.018920 
0.020830 
0.021560 
0.020820 
0.018620 
0.015190 
0.010820 
0.005840 
0.000600 
-0.004550 
-0.009280 
-0.013300 
-0.016380 
-0.018450 
-0.019560 
-0.019790 
-0.019170 
-0.017750 
-0.015680 
-0.013190 
-0.010540 
-0.008080 
-0.006130 
-0.005000 
-0.004790 
-0.005500 
-0.007020 
-0.009080 
-0.011280 
-0.013240 
-0.014570 
-0.014900 
-0.013980 
-0.011780 
-0.008470 
-0.004350 
0.000260 
0.005020 
0.009570 
0.013630 
0.016930 
0.019270 
0.020540 
0.020740 
0.019980 
0.018350 
0.015980 
0.013080 
0.009920 
0.006790 
0.004050 
0.002030 
0.000980 
0.000950 
0.001790 
0.003230 
0.004900 
0.006430 
0.007500 
0.007930 
0.007570 
0.006320 
0.004130 
0.001110 
-0.002520 
-0.006490 
-0.010440 
-0.014030 
-0.017000 
-0.019160 
-0.020410 
-0.020710 
-0.020150 
-0.018910 
-0.017180 
-0.015140 
-0.012930 
-0.010720 
-0.008620 
-0.006740 
-0.005180 
-0.004050 
-0.003340 
-0.002960 
-0.002730 
-0.002460 
-0.001950 
-0.001120 
-0.000020 
0.001280 
0.002730 
0.004360 
0.006240 
0.008420 
0.010910 
0.013610 
0.016310 
0.018800 
0.020890 
0.022430 
0.023300 
0.023420 
0.022780 
0.021420 
0.019460 
0.017070 
0.014450 
0.011760 
0.009090 
0.006580 
0.004340 
0.002470 
0.000960 
-0.000210 
-0.001170 
-0.002070 
-0.003070 
-0.004280 
-0.005690 
-0.007270 
-0.008960 
-0.010750 
-0.012680 
-0.014760 
-0.016990 
-0.019250 
-0.021350 
-0.023090 
-0.024310 
-0.024880 
-0.024710 
-0.023770 
-0.022060 
-0.019670 
-0.016740 
-0.013510 
-0.010190 
-0.006940 
-0.003880 
-0.001140 
0.001200 
0.003060 
0.004400 
0.005300 
0.005930 
0.006520 
0.007260 
0.008250 
0.009510 
0.010980 
0.012550 
0.014110 
0.015610 
0.017030 
0.018320 
0.019380 
0.020060 
0.020220 
0.019810 
0.018850 
0.017430 
0.015630 
0.013450 
0.010970 
0.008300 
0.005550 
0.002840 
0.000220 
-0.002230 
-0.004480 
-0.006430 
-0.008000 
-0.009090 
-0.009740 
-0.010070 
-0.010230 
-0.010370 
-0.010610 
-0.010990 
-0.011450 
-0.011900 
-0.012330 
-0.012790 
-0.013310 
-0.013930 
-0.014610 
-0.015200 
-0.015500 
-0.015310 
-0.014550 
-0.013160 
-0.011100 
-0.008390 
-0.005180 
-0.001700 
0.001740 
0.004810 
0.007260 
0.008980 
0.009990 
0.010370 
0.010190 
0.009610 
0.008820 
0.008020 
0.007400 
0.007120 
0.007280 
0.007860 
0.008760 
0.009880 
0.011100 
0.012290 
0.013360 
0.014240 
0.014840 
0.015030 
0.014640 
0.013600 
0.011920 
0.009600 
0.006750 
0.003480 
-0.000000 
-0.003480 
-0.006700 
-0.009380 
-0.011340 
-0.012530 
-0.012980 
-0.012740 
-0.011860 
-0.010510 
-0.008840 
-0.007100 
-0.005610 
-0.004750 
-0.004780 
-0.005770 
-0.007590 
-0.009960 
-0.012450 
-0.014640 
-0.016160 
-0.016770 
-0.016300 
-0.014680 
-0.011990 
-0.008450 
-0.004320 
0.000060 
0.004290 
0.008010 
0.010980 
0.013100 
0.014370 
0.014870 
0.014780 
0.014270 
0.013490 
0.012500 
0.011320 
0.010000 
0.008580 
0.007230 
0.006240 
0.005900 
0.006360 
0.007590 
0.009350 
0.011240 
0.012780 
0.013580 
0.013450 
0.012340 
0.010280 
0.007340 
0.003700 
-0.000420 
-0.004760 
-0.008900 
-0.012430 
-0.015020 
-0.016560 
-0.017060 
-0.016670 
-0.015610 
-0.014130 
-0.012430 
-0.010640 
-0.008900 
-0.007340 
-0.006040 
-0.005060 
-0.004560 
-0.004670 
-0.005460 
-0.006830 
-0.008590 
-0.010410 
-0.011880 
-0.012590 
-0.012290 
-0.010840 
-0.008280 
-0.004770 
-0.000570 
0.003970 
0.008490 
0.012570 
0.015770 
0.017750 
0.018390 
0.017760 
0.016110 
0.013820 
0.011250 
0.008730 
0.006510 
0.004840 
0.003880 
0.003700 
0.004220 
0.005310 
0.006780 
0.008470 
0.010190 
0.011770 
0.013010 
0.013680 
0.013560 
0.012460 
0.010340 
0.007230 
0.003340 
-0.001030 
-0.005500 
-0.009690 
-0.013260 
-0.015890 
-0.017350 
-0.017520 
-0.016470 
-0.014450 
-0.011870 
-0.009200 
-0.006820 
-0.005020 
-0.003970 
-0.003770 
-0.004370 
-0.005630 
-0.007310 
-0.009070 
-0.010590 
-0.011600 
-0.011950 
-0.011630 
-0.010670 
-0.009090 
-0.006920 
-0.004180 
-0.000930 
0.002700 
0.006460 
0.010050 
0.013190 
0.015670 
0.017290 
0.017960 
0.017670 
0.016490 
0.014600 
0.012250 
0.009780 
0.007530 
0.005780 
0.004740 
0.004470 
0.004930 
0.005930 
0.007210 
0.008440 
0.009290 
0.009500 
0.008930 
0.007580 
0.005550 
0.002980 
0.000030 
-0.003150 
-0.006440 
-0.009680 
-0.012640 
-0.015060 
-0.016710 
-0.017470 
-0.017310 
-0.016390 
-0.014970 
-0.013300 
-0.011550 
-0.009840 
-0.008260 
-0.006890 
-0.005780 
-0.004950 
-0.004440 
-0.004220 
-0.004230 
-0.004440 
-0.004750 
-0.004970 
-0.004870 
-0.004260 
-0.002990 
-0.001060 
0.001430 
0.004240 
0.007100 
0.009800 
0.012200 
0.014130 
0.015440 
0.016000 
0.015720 
0.014660 
0.012990 
0.011020 
0.009090 
0.007420 
0.006150 
0.005350 
0.004950 
0.004790 
0.004750 
0.004740 
0.004720 
0.004630 
0.004440 
0.004130 
0.003670 
0.002980 
0.002000 
0.000670 
-0.001040 
-0.003110 
-0.005360 
-0.007570 
-0.009490 
-0.011030 
-0.012120 
-0.012780 
-0.013030 
-0.012890 
-0.012310 
-0.011300 
-0.009980 
-0.008610 
-0.007380 
-0.006420 
-0.005760 
-0.005330 
-0.005010 
-0.004690 
-0.004310 
-0.003890 
-0.003400 
-0.002810 
-0.002140 
-0.001390 
-0.000520 
0.000550 
0.001820 
0.003300 
0.004990 
0.006820 
0.008650 
0.010330 
0.011740 
0.012790 
0.013430 
0.013640 
0.013480 
0.012920 
0.011950 
0.010620 
0.009050 
0.007420 
0.005930 
0.004720 
0.003840 
0.003200 
0.002610 
0.001950 
0.001180 
0.000270 
-0.000790 
-0.002000 
-0.003360 
-0.004820 
-0.006330 
-0.007780 
-0.009100 
-0.010250 
-0.011260 
-0.012120 
-0.012830 
-0.013370 
-0.013730 
-0.013840 
-0.013680 
-0.013260 
-0.012580 
-0.011600 
-0.010270 
-0.008600 
-0.006680 
-0.004640 
-0.002700 
-0.001020 
0.000360 
0.001530 
0.002610 
0.003700 
0.004810 
0.005930 
0.007000 
0.007960 
0.008780 
0.009480 
0.010030 
0.010430 
0.010700 
0.010900 
0.011070 
0.011230 
0.011410 
0.011580 
0.011650 
0.011530 
0.011160 
0.010520 
0.009590 
0.008350 
0.006800 
0.004960 
0.002880 
0.000680 
-0.001440 
-0.003300 
-0.004800 
-0.005940 
-0.006780 
-0.007370 
-0.007790 
-0.008070 
-0.008230 
-0.008350 
-0.008470 
-0.008640 
-0.008840 
-0.009050 
-0.009230 
-0.009400 
-0.009540 
-0.009700 
-0.009900 
-0.010080 
-0.010150 
-0.009990 
-0.009520 
-0.008710 
-0.007570 
-0.006140 
-0.004450 
-0.002520 
-0.000360 
0.001920 
0.004120 
0.006060 
0.007580 
0.008620 
0.009190 
0.009380 
0.009280 
0.009000 
0.008670 
0.008440 
0.008400 
0.008590 
0.008930 
0.009320 
0.009660 
0.009870 
0.009940 
0.009890 
0.009760 
0.009520 
0.009120 
0.008480 
0.007470 
0.006040 
0.004240 
0.002160 
-0.000090 
-0.002430 
-0.004770 
-0.007000 
-0.008950 
-0.010480 
-0.011440 
-0.011850 
-0.011800 
-0.011450 
-0.010960 
-0.010460 
-0.010060 
-0.009820 
-0.009760 
-0.009820 
-0.009920 
-0.009930 
-0.009730 
-0.009280 
-0.008600 
-0.007760 
-0.006810 
-0.005780 
-0.004680 
-0.003430 
-0.001980 
-0.000310 
0.001550 
0.003530 
0.005600 
0.007700 
0.009760 
0.011670 
0.013280 
0.014340 
0.014720 
0.014450 
0.013640 
0.012470 
0.011120 
0.009780 
0.008570 
0.007560 
0.006840 
0.006420 
0.006260 
0.006210 
0.006100 
0.005770 
0.005070 
0.003920 
0.002320 
0.000380 
-0.001790 
-0.004090 
-0.006370 
-0.008440 
-0.010190 
-0.011550 
-0.012500 
-0.013080 
-0.013390 
-0.013530 
-0.013520 
-0.013300 
-0.012820 
-0.012050 
-0.011010 
-0.009730 
-0.008330 
-0.006900 
-0.005520 
-0.004280 
-0.003320 
-0.002700 
-0.002390 
-0.002260 
-0.002150 
-0.001860 
-0.001220 
-0.000160 
0.001280 
0.003060 
0.005090 
0.007250 
0.009370 
0.011280 
0.012800 
0.013780 
0.014100 
0.013790 
0.013020 
0.012000 
0.010880 
0.009760 
0.008690 
0.007620 
0.006540 
0.005500 
0.004630 
0.003990 
0.003620 
0.003520 
0.003630 
0.003800 
0.003850 
0.003600 
0.002930 
0.001730 
-0.000010 
-0.002160 
-0.004550 
-0.007000 
-0.009410 
-0.011640 
-0.013580 
-0.015110 
-0.016050 
-0.016260 
-0.015710 
-0.014560 
-0.013050 
-0.011450 
-0.009970 
-0.008740 
-0.007740 
-0.006890 
-0.006180 
-0.005630 
-0.005310 
-0.005190 
-0.005220 
-0.005270 
-0.005180 
-0.004780 
-0.003980 
-0.002700 
-0.000940 
0.001280 
0.003820 
0.006490 
0.009120 
0.011530 
0.013580 
0.015140 
0.016120 
0.016480 
0.016140 
0.015100 
0.013450 
0.011430 
0.009320 
0.007410 
0.005900 
0.004850 
0.004200 
0.003820 
0.003610 
0.003480 
0.003320 
0.003070 
0.002670 
0.002030 
0.001080 
-0.000190 
-0.001710 
-0.003380 
-0.005090 
-0.006760 
-0.008350 
-0.009840 
-0.011200 
-0.012370 
-0.013220 
-0.013660 
-0.013610 
-0.012980 
-0.011740 
-0.009930 
-0.007700 
-0.005270 
-0.002960 
-0.001090 
0.000090 
0.000520 
0.000300 
-0.000340 
-0.001120 
-0.001770 
-0.002090 
-0.001920 
-0.001140 
0.000270 
0.002200 
0.004430 
0.006650 
0.008620 
0.010150 
0.011150 
0.011600 
0.011590 
0.011220 
0.010600 
0.009840 
0.008990 
0.008060 
0.007050 
0.005950 
0.004750 
0.003460 
0.002100 
0.000810 
-0.000220 
-0.000810 
-0.000910 
-0.000600 
-0.000090 
0.000370 
0.000580 
0.000390 
-0.000240 
-0.001350 
-0.002940 
-0.004900 
-0.007060 
-0.009200 
-0.011040 
-0.012320 
-0.012920 
-0.012810 
-0.012030 
-0.010730 
-0.009100 
-0.007360 
-0.005740 
-0.004400 
-0.003440 
-0.002870 
-0.002570 
-0.002380 
-0.002160 
-0.001840 
-0.001410 
-0.000910 
-0.000420 
0.000100 
0.000750 
0.001660 
0.002900 
0.004410 
0.006100 
0.007840 
0.009530 
0.011120 
0.012530 
0.013620 
0.014250 
0.014360 
0.013950 
0.013090 
0.011870 
0.010390 
0.008770 
0.007140 
0.005620 
0.004300 
0.003280 
0.002510 
0.001910 
0.001310 
0.000590 
-0.000340 
-0.001460 
-0.002670 
-0.003850 
-0.004970 
-0.006080 
-0.007230 
-0.008460 
-0.009790 
-0.011160 
-0.012480 
-0.013600 
-0.014440 
-0.014930 
-0.015010 
-0.014630 
-0.013820 
-0.012630 
-0.011090 
-0.009340 
-0.007510 
-0.005720 
-0.004030 
-0.002520 
-0.001260 
-0.000250 
0.000550 
0.001240 
0.001940 
0.002770 
0.003820 
0.005030 
0.006230 
0.007320 
0.008250 
0.009050 
0.009770 
0.010460 
0.011110 
0.011600 
0.011880 
0.011950 
0.011860 
0.011600 
0.011160 
0.010520 
0.009640 
0.008450 
0.006970 
0.005290 
0.003550 
0.001890 
0.000460 
-0.000620 
-0.001320 
-0.001700 
-0.001870 
-0.001970 
-0.002160 
-0.002620 
-0.003420 
-0.004500 
-0.005700 
-0.006870 
-0.007850 
-0.008540 
-0.008940 
-0.009110 
-0.009080 
-0.008870 
-0.008520 
-0.008080 
-0.007640 
-0.007210 
-0.006860 
-0.006560 
-0.006220 
-0.005720 
-0.004990 
-0.004030 
-0.002850 
-0.001510 
-0.000100 
0.001280 
0.002540 
0.003580 
0.004290 
0.004690 
0.004920 
0.005130 
0.005420 
0.005800 
0.006240 
0.006670 
0.006980 
0.007140 
0.007190 
0.007180 
0.007160 
0.007140 
0.007100 
0.006960 
0.006610 
0.006050 
0.005350 
0.004590 
0.003790 
0.002970 
0.002130 
0.001250 
0.000260 
-0.000870 
-0.002170 
-0.003620 
-0.005140 
-0.006520 
-0.007540 
-0.008100 
-0.008250 
-0.008100 
-0.007780 
-0.007390 
-0.006960 
-0.006480 
-0.005980 
-0.005530 
-0.005230 
-0.005110 
-0.005170 
-0.005320 
-0.005380 
-0.005140 
-0.004490 
-0.003420 
-0.002050 
-0.000530 
0.001000 
0.002440 
0.003760 
0.004990 
0.006110 
0.007120 
0.008020 
0.008820 
0.009460 
0.009860 
0.010000 
0.009870 
0.009540 
0.009070 
0.008530 
0.007940 
0.007230 
0.006360 
0.005370 
0.004360 
0.003440 
0.002720 
0.002220 
0.001890 
0.001560 
0.001070 
0.000350 
-0.000590 
-0.001620 
-0.002630 
-0.003560 
-0.004440 
-0.005370 
-0.006370 
-0.007380 
-0.008290 
-0.009020 
-0.009480 
-0.009640 
-0.009440 
-0.008880 
-0.007970 
-0.006850 
-0.005670 
-0.004620 
-0.003790 
-0.003200 
-0.002790 
-0.002500 
-0.002240 
-0.001980 
-0.001730 
-0.001470 
-0.001140 
-0.000660 
0.000010 
0.000880 
0.001880 
0.002890 
0.003800 
0.004570 
0.005240 
0.005880 
0.006500 
0.007090 
0.007590 
0.007970 
0.008220 
0.008330 
0.008270 
0.007950 
0.007310 
0.006390 
0.005330 
0.004280 
0.003380 
0.002720 
0.002340 
0.002180 
0.002190 
0.002270 
0.002320 
0.002210 
0.001840 
0.001130 
0.000030 
-0.001440 
-0.003150 
-0.004880 
-0.006380 
-0.007510 
-0.008220 
-0.008510 
-0.008480 
-0.008230 
-0.007840 
-0.007390 
-0.006980 
-0.006700 
-0.006500 
-0.006310 
-0.006030 
-0.005590 
-0.004990 
-0.004220 
-0.003340 
-0.002420 
-0.001490 
-0.000600 
0.000190 
0.000830 
0.001340 
0.001760 
0.002180 
0.002710 
0.003510 
0.004650 
0.006050 
0.007540 
0.008890 
0.009920 
0.010500 
0.010580 
0.010190 
0.009380 
0.008190 
0.006740 
0.005230 
0.003830 
0.002630 
0.001730 
0.001150 
0.000840 
0.000690 
0.000610 
0.000500 
0.000280 
-0.000170 
-0.000920 
-0.001950 
-0.003200 
-0.004530 
-0.005760 
-0.006730 
-0.007420 
-0.007890 
-0.008190 
-0.008380 
-0.008470 
-0.008440 
-0.008240 
-0.007820 
-0.007200 
-0.006400 
-0.005400 
-0.004170 
-0.002770 
-0.001290 
0.000140 
0.001360 
0.002230 
0.002710 
0.002840 
0.002720 
0.002410 
0.002030 
0.001720 
0.001620 
0.001840 
0.002480 
0.003570 
0.004970 
0.006420 
0.007680 
0.008590 
0.009050 
0.009050 
0.008650 
0.007890 
0.006820 
0.005520 
0.004130 
0.002800 
0.001600 
0.000560 
-0.000330 
-0.001040 
-0.001600 
-0.002010 
-0.002230 
-0.002240 
-0.002070 
-0.001850 
-0.001660 
-0.001600 
-0.001720 
-0.002030 
-0.002510 
-0.003170 
-0.004030 
-0.005080 
-0.006170 
-0.007130 
-0.007820 
-0.008160 
-0.008150 
-0.007850 
-0.007350 
-0.006670 
-0.005810 
-0.004780 
-0.003650 
-0.002490 
-0.001340 
-0.000240 
0.000740 
0.001570 
0.002220 
0.002630 
0.002740 
0.002590 
0.002280 
0.001960 
0.001810 
0.001980 
0.002580 
0.003540 
0.004770 
0.006130 
0.007500 
0.008730 
0.009650 
0.010140 
0.010100 
0.009510 
0.008440 
0.007080 
0.005620 
0.004210 
0.002930 
0.001830 
0.000900 
0.000090 
-0.000630 
-0.001290 
-0.001920 
-0.002540 
-0.003120 
-0.003620 
-0.004000 
-0.004270 
-0.004460 
-0.004620 
-0.004820 
-0.005100 
-0.005480 
-0.005900 
-0.006310 
-0.006690 
-0.007030 
-0.007300 
-0.007420 
-0.007290 
-0.006740 
-0.005690 
-0.004190 
-0.002410 
-0.000600 
0.001020 
0.002250 
0.003030 
0.003410 
0.003500 
0.003400 
0.003240 
0.003140 
0.003200 
0.003440 
0.003880 
0.004460 
0.005110 
0.005730 
0.006250 
0.006610 
0.006720 
0.006550 
0.006100 
0.005440 
0.004690 
0.003960 
0.003340 
0.002820 
0.002320 
0.001700 
0.000860 
-0.000190 
-0.001340 
-0.002420 
-0.003260 
-0.003750 
-0.003920 
-0.003870 
-0.003670 
-0.003420 
-0.003210 
-0.003110 
-0.003180 
-0.003490 
-0.004060 
-0.004840 
-0.005680 
-0.006450 
-0.007030 
-0.007300 
-0.007220 
-0.006770 
-0.005960 
-0.004860 
-0.003610 
-0.002390 
-0.001390 
-0.000680 
-0.000200 
0.000180 
0.000600 
0.001150 
0.001820 
0.002490 
0.003070 
0.003530 
0.003860 
0.004050 
0.004130 
0.004150 
0.004130 
0.004110 
0.004190 
0.004450 
0.004960 
0.005660 
0.006480 
0.007260 
0.007850 
0.008070 
0.007850 
0.007170 
0.006040 
0.004550 
0.002860 
0.001230 
-0.000160 
-0.001150 
-0.001710 
-0.001950 
-0.002100 
-0.002350 
-0.002760 
-0.003300 
-0.003910 
-0.004550 
-0.005180 
-0.005810 
-0.006440 
-0.007000 
-0.007430 
-0.007660 
-0.007760 
-0.007790 
-0.007800 
-0.007830 
-0.007880 
-0.007910 
-0.007780 
-0.007390 
-0.006650 
-0.005490 
-0.003910 
-0.002010 
-0.000030 
0.001820 
0.003350 
0.004430 
0.005060 
0.005360 
0.005550 
0.005770 
0.006080 
0.006460 
0.006880 
0.007260 
0.007610 
0.007960 
0.008340 
0.008640 
0.008720 
0.008490 
0.007940 
0.007150 
0.006220 
0.005290 
0.004430 
0.003610 
0.002760 
0.001850 
0.000830 
-0.000300 
-0.001520 
-0.002700 
-0.003750 
-0.004610 
-0.005270 
-0.005680 
-0.005890 
-0.006010 
-0.006150 
-0.006360 
-0.006630 
-0.006930 
-0.007180 
-0.007300 
-0.007290 
-0.007190 
-0.006960 
-0.006570 
-0.005980 
-0.005240 
-0.004400 
-0.003520 
-0.002690 
-0.002000 
-0.001430 
-0.000880 
-0.000300 
0.000340 
0.001080 
0.001870 
0.002660 
0.003410 
0.004110 
0.004770 
0.005300 
0.005630 
0.005700 
0.005580 
0.005370 
0.005240 
0.005330 
0.005660 
0.006120 
0.006580 
0.006920 
0.007070 
0.006950 
0.006500 
0.005710 
0.004620 
0.003320 
0.001960 
0.000710 
-0.000340 
-0.001150 
-0.001700 
-0.001990 
-0.002130 
-0.002260 
-0.002500 
-0.002930 
-0.003590 
-0.004480 
-0.005490 
-0.006440 
-0.007160 
-0.007480 
-0.007340 
-0.006860 
-0.006270 
-0.005810 
-0.005530 
-0.005410 
-0.005380 
-0.005350 
-0.005270 
-0.005070 
-0.004650 
-0.003930 
-0.002820 
-0.001360 
0.000300 
0.001960 
0.003410 
0.004510 
0.005160 
0.005420 
0.005420 
0.005320 
0.005260 
0.005340 
0.005600 
0.006040 
0.006600 
0.007180 
0.007630 
0.007820 
0.007680 
0.007270 
0.006740 
0.006180 
0.005630 
0.005050 
0.004370 
0.003540 
0.002580 
0.001560 
0.000540 
-0.000500 
-0.001580 
-0.002680 
-0.003780 
-0.004780 
-0.005610 
-0.006200 
-0.006570 
-0.006780 
-0.006860 
-0.006860 
-0.006790 
-0.006670 
-0.006490 
-0.006270 
-0.006060 
-0.005850 
-0.005610 
-0.005260 
-0.004790 
-0.004220 
-0.003600 
-0.003000 
-0.002430 
-0.001840 
-0.001110 
-0.000200 
0.000850 
0.001960 
0.003050 
0.004040 
0.004840 
0.005430 
0.005820 
0.005990 
0.005950 
0.005730 
0.005390 
0.004990 
0.004600 
0.004280 
0.004070 
0.003970 
0.003940 
0.004000 
0.004140 
0.004260 
0.004190 
0.003800 
0.003050 
0.001980 
0.000750 
-0.000430 
-0.001410 
-0.002160 
-0.002680 
-0.002990 
-0.003100 
-0.003060 
-0.002940 
-0.002770 
-0.002650 
-0.002700 
-0.002980 
-0.003470 
-0.004100 
-0.004770 
-0.005340 
-0.005660 
-0.005720 
-0.005570 
-0.005250 
-0.004800 
-0.004300 
-0.003850 
-0.003520 
-0.003330 
-0.003220 
-0.003070 
-0.002730 
-0.002060 
-0.001110 
-0.000010 
0.001150 
0.002280 
0.003300 
0.004110 
0.004660 
0.004900 
0.004830 
0.004550 
0.004230 
0.004060 
0.004120 
0.004480 
0.005090 
0.005870 
0.006630 
0.007210 
0.007550 
0.007580 
0.007270 
0.006600 
0.005660 
0.004580 
0.003460 
0.002440 
0.001570 
0.000770 
-0.000100 
-0.001130 
-0.002300 
-0.003530 
-0.004710 
-0.005690 
-0.006370 
-0.006720 
-0.006780 
-0.006570 
-0.006100 
-0.005480 
-0.004830 
-0.004320 
-0.004110 
-0.004300 
-0.004910 
-0.005770 
-0.006640 
-0.007310 
-0.007600 
-0.007330 
-0.006450 
-0.005030 
-0.003230 
-0.001260 
0.000610 
0.002170 
0.003300 
0.004070 
0.004580 
0.004920 
0.005120 
0.005220 
0.005240 
0.005180 
0.005100 
0.005060 
0.005100 
0.005140 
0.005120 
0.004980 
0.004710 
0.004320 
0.003940 
0.003720 
0.003710 
0.003850 
0.004030 
0.004120 
0.004000 
0.003620 
0.002960 
0.002000 
0.000770 
-0.000670 
-0.002130 
-0.003420 
-0.004440 
-0.005130 
-0.005470 
-0.005440 
-0.005080 
-0.004460 
-0.003710 
-0.002950 
-0.002370 
-0.002050 
-0.002040 
-0.002290 
-0.002700 
-0.003140 
-0.003450 
-0.003580 
-0.003550 
-0.003420 
-0.003190 
-0.002840 
-0.002360 
-0.001760 
-0.001070 
-0.000360 
0.000310 
0.000920 
0.001520 
0.002080 
0.002590 
0.003010 
0.003320 
0.003480 
0.003500 
0.003400 
0.003220 
0.002980 
0.002720 
0.002500 
0.002420 
0.002540 
0.002890 
0.003390 
0.003890 
0.004190 
0.004170 
0.003810 
0.003210 
0.002510 
0.001820 
0.001180 
0.000570 
-0.000050 
-0.000680 
-0.001310 
-0.001940 
-0.002590 
-0.003250 
-0.003880 
-0.004390 
-0.004670 
-0.004690 
-0.004470 
-0.004110 
-0.003720 
-0.003410 
-0.003240 
-0.003270 
-0.003490 
-0.003850 
-0.004280 
-0.004690 
-0.004960 
-0.004910 
-0.004400 
-0.003380 
-0.001940 
-0.000320 
0.001210 
0.002420 
0.003230 
0.003660 
0.003820 
0.003810 
0.003760 
0.003790 
0.003970 
0.004280 
0.004700 
0.005110 
0.005380 
0.005390 
0.005110 
0.004570 
0.003870 
0.003150 
0.002560 
0.002150 
0.001930 
0.001870 
0.001920 
0.002000 
0.001960 
0.001650 
0.000980 
-0.000080 
-0.001500 
-0.003110 
-0.004680 
-0.006010 
-0.006970 
-0.007470 
-0.007510 
-0.007110 
-0.006380 
-0.005410 
-0.004330 
-0.003330 
-0.002600 
-0.002220 
-0.002190 
-0.002420 
-0.002770 
-0.003090 
-0.003250 
-0.003220 
-0.003020 
-0.002640 
-0.002060 
-0.001360 
-0.000640 
0.000010 
0.000520 
0.000860 
0.001100 
0.001390 
0.001800 
0.002330 
0.002920 
0.003480 
0.003950 
0.004230 
0.004270 
0.004080 
0.003730 
0.003280 
0.002820 
0.002470 
0.002300 
0.002290 
0.002470 
0.002790 
0.003140 
0.003370 
0.003380 
0.003160 
0.002700 
0.002020 
0.001180 
0.000310 
-0.000450 
-0.000980 
-0.001180 
-0.001080 
-0.000870 
-0.000800 
-0.001030 
-0.001540 
-0.002270 
-0.003060 
-0.003760 
-0.004240 
-0.004510 
-0.004580 
-0.004460 
-0.004180 
-0.003830 
-0.003490 
-0.003250 
-0.003150 
-0.003210 
-0.003380 
-0.003490 
-0.003410 
-0.003060 
-0.002420 
-0.001520 
-0.000460 
0.000610 
0.001540 
0.002220 
0.002580 
0.002580 
0.002360 
0.002130 
0.002080 
0.002310 
0.002850 
0.003620 
0.004480 
0.005260 
0.005870 
0.006250 
0.006310 
0.005990 
0.005330 
0.004430 
0.003450 
0.002540 
0.001840 
0.001440 
0.001290 
0.001230 
0.001090 
0.000720 
0.000040 
-0.000890 
-0.001940 
-0.002990 
-0.003960 
-0.004760 
-0.005260 
-0.005380 
-0.005140 
-0.004670 
-0.004150 
-0.003760 
-0.003600 
-0.003680 
-0.003910 
-0.004200 
-0.004460 
-0.004590 
-0.004490 
-0.004090 
-0.003400 
-0.002470 
-0.001400 
-0.000320 
0.000650 
0.001440 
0.002070 
0.002570 
0.003000 
0.003430 
0.003860 
0.004250 
0.004560 
0.004780 
0.004960 
0.005120 
0.005180 
0.005070 
0.004750 
0.004280 
0.003810 
0.003490 
0.003390 
0.003460 
0.003570 
0.003580 
0.003420 
0.003040 
0.002470 
0.001790 
0.001050 
0.000310 
-0.000400 
-0.001030 
-0.001550 
-0.001950 
-0.002250 
-0.002430 
-0.002540 
-0.002630 
-0.002710 
-0.002810 
-0.002930 
-0.003120 
-0.003390 
-0.003760 
-0.004210 
-0.004620 
-0.004870 
-0.004910 
-0.004770 
-0.004520 
-0.004230 
-0.003900 
-0.003530 
-0.003120 
-0.002670 
-0.002210 
-0.001770 
-0.001350 
-0.000930 
-0.000440 
0.000160 
0.000880 
0.001690 
0.002460 
0.003070 
0.003480 
0.003720 
0.003840 
0.003880 
0.003870 
0.003870 
0.003940 
0.004180 
0.004650 
0.005320 
0.006030 
0.006560 
0.006780 
0.006590 
0.006000 
0.005090 
0.003970 
0.002750 
0.001530 
0.000420 
-0.000480 
-0.001120 
-0.001560 
-0.001870 
-0.002130 
-0.002440 
-0.002850 
-0.003340 
-0.003820 
-0.004240 
-0.004530 
-0.004690 
-0.004740 
-0.004750 
-0.004780 
-0.004820 
-0.004890 
-0.005040 
-0.005280 
-0.005510 
-0.005590 
-0.005360 
-0.004760 
-0.003800 
-0.002620 
-0.001400 
-0.000300 
0.000630 
0.001380 
0.001940 
0.002350 
0.002640 
0.002850 
0.003010 
0.003190 
0.003440 
0.003800 
0.004170 
0.004430 
0.004500 
0.004320 
0.003920 
0.003420 
0.002980 
0.002650 
0.002420 
0.002310 
0.002320 
0.002430 
0.002560 
0.002600 
0.002450 
0.002000 
0.001220 
0.000220 
-0.000860 
-0.001880 
-0.002750 
-0.003380 
-0.003710 
-0.003800 
-0.003680 
-0.003400 
-0.003030 
-0.002700 
-0.002520 
-0.002520 
-0.002650 
-0.002840 
-0.002970 
-0.002970 
-0.002810 
-0.002560 
-0.002230 
-0.001790 
-0.001260 
-0.000720 
-0.000290 
-0.000100 
-0.000220 
-0.000630 
-0.001180 
-0.001600 
-0.001730 
-0.001450 
-0.000770 
0.000270 
0.001510 
0.002760 
0.003890 
0.004770 
0.005280 
0.005340 
0.004940 
0.004200 
0.003280 
0.002420 
0.001830 
0.001660 
0.001920 
0.002500 
0.003260 
0.004050 
0.004620 
0.004760 
0.004380 
0.003530 
0.002370 
0.001160 
0.000180 
-0.000410 
-0.000650 
-0.000650 
-0.000550 
-0.000480 
-0.000560 
-0.000850 
-0.001380 
-0.002180 
-0.003250 
-0.004520 
-0.005760 
-0.006760 
-0.007310 
-0.007310 
-0.006790 
-0.005950 
-0.005040 
-0.004270 
-0.003750 
-0.003490 
-0.003480 
-0.003600 
-0.003710 
-0.003670 
-0.003330 
-0.002640 
-0.001600 
-0.000370 
0.000850 
0.001900 
0.002710 
0.003270 
0.003600 
0.003750 
0.003760 
0.003660 
0.003540 
0.003570 
0.003850 
0.004380 
0.005050 
0.005700 
0.006130 
0.006220 
0.005950 
0.005410 
0.004720 
0.004000 
0.003310 
0.002680 
0.002080 
0.001490 
0.000930 
0.000390 
-0.000140 
-0.000700 
-0.001280 
-0.001810 
-0.002240 
-0.002550 
-0.002740 
-0.002900 
-0.003070 
-0.003280 
-0.003470 
-0.003570 
-0.003570 
-0.003510 
-0.003430 
-0.003370 
-0.003330 
-0.003280 
-0.003180 
-0.003030 
-0.002870 
-0.002750 
-0.002710 
-0.002740 
-0.002770 
-0.002670 
-0.002310 
-0.001660 
-0.000790 
0.000190 
0.001150 
0.001990 
0.002620 
0.002990 
0.003050 
0.002800 
0.002350 
0.001870 
0.001530 
0.001440 
0.001590 
0.001960 
0.002460 
0.003010 
0.003530 
0.003960 
0.004200 
0.004170 
0.003880 
0.003350 
0.002700 
0.002030 
0.001490 
0.001140 
0.000950 
0.000820 
0.000650 
0.000400 
0.000080 
-0.000310 
-0.000750 
-0.001270 
-0.001930 
-0.002730 
-0.003550 
-0.004250 
-0.004730 
-0.004910 
-0.004790 
-0.004410 
-0.003880 
-0.003320 
-0.002810 
-0.002460 
-0.002360 
-0.002530 
-0.002870 
-0.003240 
-0.003480 
-0.003410 
-0.002930 
-0.002050 
-0.000890 
0.000420 
0.001740 
0.002910 
0.003780 
0.004260 
0.004340 
0.004090 
0.003650 
0.003290 
0.003240 
0.003580 
0.004260 
0.005150 
0.006010 
0.006620 
0.006840 
0.006630 
0.006020 
0.005030 
0.003780 
0.002470 
0.001290 
0.000410 
-0.000080 
-0.000180 
-0.000020 
0.000150 
0.000090 
-0.000320 
-0.001130 
-0.002240 
-0.003500 
-0.004670 
-0.005550 
-0.006030 
-0.006060 
-0.005660 
-0.004980 
-0.004240 
-0.003670 
-0.003360 
-0.003330 
-0.003510 
-0.003750 
-0.003910 
-0.003940 
-0.003850 
-0.003590 
-0.003070 
-0.002260 
-0.001210 
-0.000030 
0.001070 
0.001910 
0.002380 
0.002530 
0.002520 
0.002520 
0.002640 
0.002930 
0.003350 
0.003760 
0.004050 
0.004190 
0.004140 
0.003890 
0.003460 
0.002970 
0.002530 
0.002240 
0.002140 
0.002250 
0.002500 
0.002790 
0.003020 
0.003180 
0.003220 
0.003090 
0.002700 
0.002050 
0.001160 
0.000130 
-0.000860 
-0.001570 
-0.001930 
-0.001980 
-0.001880 
-0.001790 
-0.001840 
-0.002090 
-0.002480 
-0.002880 
-0.003230 
-0.003500 
-0.003670 
-0.003700 
-0.003590 
-0.003350 
-0.003030 
-0.002710 
-0.002490 
-0.002440 
-0.002550 
-0.002760 
-0.003000 
-0.003220 
-0.003320 
-0.003210 
-0.002810 
-0.002090 
-0.001090 
0.000040 
0.001050 
0.001760 
0.002110 
0.002160 
0.002090 
0.002070 
0.002240 
0.002620 
0.003140 
0.003680 
0.004150 
0.004490 
0.004660 
0.004630 
0.004400 
0.003970 
0.003350 
0.002630 
0.001950 
0.001410 
0.001060 
0.000910 
0.000920 
0.000990 
0.001010 
0.000870 
0.000510 
-0.000140 
-0.001010 
-0.001990 
-0.002900 
-0.003630 
-0.004090 
-0.004310 
-0.004340 
-0.004310 
-0.004290 
-0.004260 
-0.004200 
-0.004070 
-0.003860 
-0.003600 
-0.003330 
-0.003040 
-0.002670 
-0.002130 
-0.001370 
-0.000450 
0.000510 
0.001350 
0.001950 
0.002290 
0.002400 
0.002420 
0.002410 
0.002430 
0.002530 
0.002730 
0.003020 
0.003380 
0.003740 
0.004040 
0.004210 
0.004230 
0.004120 
0.003900 
0.003610 
0.003280 
0.002940 
0.002590 
0.002260 
0.001970 
0.001750 
0.001570 
0.001290 
0.000800 
0.000050 
-0.000880 
-0.001830 
-0.002580 
-0.003030 
-0.003170 
-0.003090 
-0.002880 
-0.002620 
-0.002380 
-0.002200 
-0.002090 
-0.002080 
-0.002190 
-0.002460 
-0.002820 
-0.003220 
-0.003560 
-0.003770 
-0.003790 
-0.003620 
-0.003320 
-0.002920 
-0.002470 
-0.002070 
-0.001810 
-0.001680 
-0.001600 
-0.001460 
-0.001130 
-0.000550 
0.000220 
0.001060 
0.001790 
0.002360 
0.002760 
0.003000 
0.003120 
0.003170 
0.003140 
0.003030 
0.002850 
0.002700 
0.002690 
0.002900 
0.003330 
0.003900 
0.004460 
0.004790 
0.004760 
0.004350 
0.003640 
0.002720 
0.001740 
0.000840 
0.000120 
-0.000420 
-0.000770 
-0.000970 
-0.001120 
-0.001330 
-0.001670 
-0.002100 
-0.002610 
-0.003190 
-0.003840 
-0.004520 
-0.005160 
-0.005650 
-0.005830 
-0.005590 
-0.004980 
-0.004170 
-0.003370 
-0.002750 
-0.002410 
-0.002300 
-0.002260 
-0.002120 
-0.001800 
-0.001310 
-0.000690 
0.000040 
0.000810 
0.001570 
0.002280 
0.002850 
0.003210 
0.003340 
0.003340 
0.003310 
0.003290 
0.003350 
0.003520 
0.003800 
0.004170 
0.004560 
0.004930 
0.005150 
0.005080 
0.004660 
0.003930 
0.002970 
0.001930 
0.000960 
0.000180 
-0.000400 
-0.000850 
-0.001220 
-0.001520 
-0.001780 
-0.002030 
-0.002260 
-0.002490 
-0.002730 
-0.003000 
-0.003240 
-0.003360 
-0.003350 
-0.003230 
-0.003040 
-0.002850 
-0.002730 
-0.002700 
-0.002730 
-0.002790 
-0.002880 
-0.002990 
-0.003000 
-0.002820 
-0.002390 
-0.001730 
-0.000910 
-0.000070 
0.000620 
0.001070 
0.001310 
0.001430 
0.001520 
0.001650 
0.001860 
0.002100 
0.002320 
0.002500 
0.002670 
0.002810 
0.002860 
0.002750 
0.002470 
0.002030 
0.001540 
0.001120 
0.000920 
0.000950 
0.001190 
0.001570 
0.002010 
0.002390 
0.002590 
0.002510 
0.002060 
0.001270 
0.000280 
-0.000690 
-0.001420 
-0.001810 
-0.001910 
-0.001820 
-0.001700 
-0.001700 
-0.001870 
-0.002200 
-0.002660 
-0.003180 
-0.003690 
-0.004080 
-0.004280 
-0.004200 
-0.003820 
-0.003160 
-0.002370 
-0.001640 
-0.001170 
-0.001050 
-0.001290 
-0.001790 
-0.002410 
-0.002960 
-0.003290 
-0.003260 
-0.002740 
-0.001750 
-0.000430 
0.000940 
0.002120 
0.002940 
0.003360 
0.003450 
0.003360 
0.003230 
0.003190 
0.003290 
0.003550 
0.003950 
0.004390 
0.004760 
0.004970 
0.004870 
0.004370 
0.003470 
0.002300 
0.001060 
-0.000020 
-0.000760 
-0.001080 
-0.000980 
-0.000580 
-0.000030 
0.000510 
0.000840 
0.000810 
0.000350 
-0.000530 
-0.001710 
-0.003030 
-0.004260 
-0.005220 
-0.005790 
-0.005930 
-0.005620 
-0.004920 
-0.003950 
-0.002880 
-0.001910 
-0.001230 
-0.000960 
-0.001070 
-0.001420 
-0.001750 
-0.001860 
-0.001590 
-0.000940 
-0.000040 
0.000900 
0.001740 
0.002340 
0.002610 
0.002490 
0.002030 
0.001360 
0.000670 
0.000120 
-0.000090 
0.000110 
0.000670 
0.001480 
0.002410 
0.003310 
0.003980 
0.004280 
0.004110 
0.003440 
0.002330 
0.000980 
-0.000300 
-0.001240 
-0.001690 
-0.001660 
-0.001270 
-0.000740 
-0.000300 
-0.000050 
-0.000010 
-0.000150 
-0.000480 
-0.000920 
-0.001380 
-0.001780 
-0.002070 
-0.002180 
-0.002110 
-0.001970 
-0.001880 
-0.001910 
-0.002090 
-0.002430 
-0.002860 
-0.003270 
-0.003580 
-0.003710 
-0.003630 
-0.003260 
-0.002620 
-0.001800 
-0.000950 
-0.000220 
0.000280 
0.000490 
0.000460 
0.000290 
0.000080 
-0.000120 
-0.000240 
-0.000180 
0.000140 
0.000750 
0.001590 
0.002560 
0.003480 
0.004150 
0.004490 
0.004510 
0.004320 
0.004040 
0.003790 
0.003640 
0.003540 
0.003410 
0.003200 
0.002930 
0.002610 
0.002240 
0.001860 
0.001510 
0.001180 
0.000890 
0.000650 
0.000430 
0.000150 
-0.000270 
-0.000840 
-0.001500 
-0.002210 
-0.002920 
-0.003610 
-0.004220 
-0.004760 
-0.005150 
-0.005300 
-0.005170 
-0.004800 
-0.004310 
-0.003810 
-0.003460 
-0.003330 
-0.003380 
-0.003450 
-0.003370 
-0.003050 
-0.002480 
-0.001720 
-0.000890 
-0.000090 
0.000610 
0.001170 
0.001510 
0.001570 
0.001410 
0.001160 
0.000990 
0.001030 
0.001350 
0.001950 
0.002710 
0.003480 
0.004130 
0.004520 
0.004520 
0.004080 
0.003270 
0.002250 
0.001190 
0.000290 
-0.000280 
-0.000460 
-0.000340 
-0.000050 
0.000230 
0.000380 
0.000340 
0.000120 
-0.000240 
-0.000690 
-0.001260 
-0.001860 
-0.002380 
-0.002690 
-0.002700 
-0.002430 
-0.001980 
-0.001510 
-0.001170 
-0.001020 
-0.001050 
-0.001240 
-0.001540 
-0.001910 
-0.002240 
-0.002460 
-0.002500 
-0.002310 
-0.001900 
-0.001350 
-0.000770 
-0.000240 
0.000190 
0.000500 
0.000680 
0.000760 
0.000750 
0.000630 
0.000450 
0.000290 
0.000290 
0.000470 
0.000850 
0.001330 
0.001840 
0.002260 
0.002540 
0.002690 
0.002690 
0.002550 
0.002310 
0.002040 
0.001830 
0.001750 
0.001850 
0.002090 
0.002350 
0.002470 
0.002340 
0.001960 
0.001450 
0.000910 
0.000450 
0.000060 
-0.000290 
-0.000620 
-0.000900 
-0.001100 
-0.001250 
-0.001430 
-0.001740 
-0.002240 
-0.002910 
-0.003640 
-0.004270 
-0.004650 
-0.004720 
-0.004450 
-0.003870 
-0.003100 
-0.002300 
-0.001590 
-0.001100 
-0.000880 
-0.000960 
-0.001250 
-0.001590 
-0.001820 
-0.001820 
-0.001530 
-0.001000 
-0.000340 
0.000380 
0.001110 
0.001850 
0.002530 
0.003060 
0.003410 
0.003550 
0.003540 
0.003500 
0.003540 
0.003700 
0.003890 
0.003980 
0.003860 
0.003450 
0.002760 
0.001890 
0.000980 
0.000170 
-0.000420 
-0.000720 
-0.000690 
-0.000430 
-0.000050 
0.000320 
0.000540 
0.000490 
0.000100 
-0.000570 
-0.001380 
-0.002170 
-0.002830 
-0.003250 
-0.003410 
-0.003310 
-0.002980 
-0.002460 
-0.001920 
-0.001560 
-0.001550 
-0.001860 
-0.002330 
-0.002770 
-0.002950 
-0.002720 
-0.002080 
-0.001140 
-0.000080 
0.000950 
0.001800 
0.002300 
0.002400 
0.002060 
0.001340 
0.000370 
-0.000630 
-0.001380 
-0.001680 
-0.001480 
-0.000800 
0.000230 
0.001370 
0.002400 
0.003170 
0.003560 
0.003530 
0.003080 
0.002350 
0.001540 
0.000840 
0.000390 
0.000250 
0.000360 
0.000560 
0.000750 
0.000860 
0.000880 
0.000770 
0.000500 
0.000090 
-0.000390 
-0.000860 
-0.001200 
-0.001300 
-0.001130 
-0.000810 
-0.000480 
-0.000250 
-0.000220 
-0.000410 
-0.000790 
-0.001270 
-0.001800 
-0.002330 
-0.002770 
-0.003010 
-0.003000 
-0.002710 
-0.002190 
-0.001530 
-0.000870 
-0.000290 
0.000180 
0.000560 
0.000830 
0.000940 
0.000880 
0.000700 
0.000480 
0.000350 
0.000440 
0.000790 
0.001340 
0.001970 
0.002590 
0.003150 
0.003620 
0.003950 
0.004130 
0.004120 
0.003890 
0.003450 
0.002890 
0.002320 
0.001770 
0.001280 
0.000870 
0.000490 
0.000120 
-0.000240 
-0.000510 
-0.000680 
-0.000810 
-0.000950 
-0.001130 
-0.001380 
-0.001670 
-0.002000 
-0.002360 
-0.002800 
-0.003360 
-0.003950 
-0.004440 
-0.004680 
-0.004600 
-0.004210 
-0.003610 
-0.002930 
-0.002290 
-0.001720 
-0.001200 
-0.000730 
-0.000310 
0.000070 
0.000420 
0.000750 
0.001080 
0.001440 
0.001840 
0.002220 
0.002500 
0.002610 
0.002540 
0.002300 
0.001980 
0.001700 
0.001560 
0.001600 
0.001880 
0.002420 
0.003190 
0.004050 
0.004790 
0.005220 
0.005160 
0.004600 
0.003640 
0.002490 
0.001320 
0.000240 
-0.000640 
-0.001260 
-0.001610 
-0.001680 
-0.001530 
-0.001210 
-0.000840 
-0.000520 
-0.000310 
-0.000230 
-0.000280 
-0.000380 
-0.000440 
-0.000440 
-0.000420 
-0.000450 
-0.000590 
-0.000880 
-0.001370 
-0.002060 
-0.002920 
-0.003840 
-0.004640 
-0.005150 
-0.005200 
-0.004720 
-0.003770 
-0.002480 
-0.001040 
0.000340 
0.001450 
0.002150 
0.002360 
0.002040 
0.001260 
0.000210 
-0.000830 
-0.001600 
-0.001910 
-0.001690 
-0.001040 
-0.000140 
0.000810 
0.001680 
0.002390 
0.002910 
0.003250 
0.003430 
0.003470 
0.003400 
0.003280 
0.003210 
0.003210 
0.003240 
0.003210 
0.003010 
0.002580 
0.001890 
0.001020 
0.000040 
-0.000990 
-0.001940 
-0.002660 
-0.002980 
-0.002820 
-0.002250 
-0.001460 
-0.000720 
-0.000270 
-0.000210 
-0.000510 
-0.001050 
-0.001740 
-0.002490 
-0.003230 
-0.003910 
-0.004470 
-0.004820 
-0.004800 
-0.004380 
-0.003630 
-0.002690 
-0.001740 
-0.000900 
-0.000220 
0.000330 
0.000800 
0.001230 
0.001620 
0.001990 
0.002370 
0.002720 
0.002970 
0.003050 
0.002960 
0.002700 
0.002350 
0.002050 
0.001890 
0.001910 
0.002090 
0.002390 
0.002800 
0.003230 
0.003650 
0.003980 
0.004120 
0.003930 
0.003340 
0.002390 
0.001230 
0.000080 
-0.000830 
-0.001330 
-0.001440 
-0.001290 
-0.001030 
-0.000760 
-0.000540 
-0.000430 
-0.000470 
-0.000640 
-0.000950 
-0.001340 
-0.001700 
-0.001920 
-0.002020 
-0.002030 
-0.002020 
-0.002030 
-0.002100 
-0.002270 
-0.002470 
-0.002630 
-0.002690 
-0.002630 
-0.002400 
-0.001980 
-0.001370 
-0.000640 
0.000090 
0.000680 
0.000940 
0.000830 
0.000450 
-0.000030 
-0.000460 
-0.000740 
-0.000810 
-0.000640 
-0.000230 
0.000380 
0.001150 
0.001970 
0.002680 
0.003210 
0.003570 
0.003810 
0.003960 
0.004100 
0.004240 
0.004340 
0.004300 
0.004070 
0.003690 
0.003210 
0.002710 
0.002210 
0.001740 
0.001240 
0.000740 
0.000330 
0.000110 
0.000110 
0.000240 
0.000380 
0.000430 
0.000280 
-0.000090 
-0.000670 
-0.001420 
-0.002300 
-0.003250 
-0.004130 
-0.004820 
-0.005280 
-0.005470 
-0.005410 
-0.005120 
-0.004700 
-0.004190 
-0.003630 
-0.003030 
-0.002450 
-0.001950 
-0.001580 
-0.001360 
-0.001270 
-0.001190 
-0.000980 
-0.000580 
-0.000060 
0.000440 
0.000830 
0.001070 
0.001150 
0.001170 
0.001180 
0.001250 
0.001420 
0.001730 
0.002190 
0.002750 
0.003340 
0.003840 
0.004160 
0.004190 
0.003860 
0.003220 
0.002410 
0.001550 
0.000740 
0.000060 
-0.000450 
-0.000750 
-0.000800 
-0.000580 
-0.000190 
0.000170 
0.000330 
0.000250 
-0.000020 
-0.000360 
-0.000660 
-0.000840 
-0.000890 
-0.000850 
-0.000780 
-0.000720 
-0.000700 
-0.000760 
-0.000910 
-0.001110 
-0.001330 
-0.001500 
-0.001530 
-0.001330 
-0.000900 
-0.000320 
0.000270 
0.000730 
0.000930 
0.000830 
0.000500 
-0.000010 
-0.000620 
-0.001250 
-0.001770 
-0.002000 
-0.001840 
-0.001300 
-0.000490 
0.000370 
0.001080 
0.001530 
0.001710 
0.001660 
0.001450 
0.001130 
0.000760 
0.000390 
0.000050 
-0.000190 
-0.000300 
-0.000280 
-0.000160 
-0.000000 
0.000130 
0.000200 
0.000230 
0.000280 
0.000400 
0.000570 
0.000750 
0.000910 
0.001020 
0.001060 
0.001000 
0.000770 
0.000300 
-0.000430 
-0.001340 
-0.002220 
-0.002880 
-0.003250 
-0.003320 
-0.003130 
-0.002780 
-0.002340 
-0.001840 
-0.001300 
-0.000780 
-0.000350 
-0.000090 
-0.000070 
-0.000260 
-0.000560 
-0.000820 
-0.000890 
-0.000730 
-0.000380 
0.000110 
0.000650 
0.001140 
0.001500 
0.001690 
0.001720 
0.001650 
0.001570 
0.001610 
0.001860 
0.002300 
0.002850 
0.003360 
0.003700 
0.003760 
0.003530 
0.003050 
0.002340 
0.001410 
0.000370 
-0.000640 
-0.001420 
-0.001830 
-0.001800 
-0.001380 
-0.000760 
-0.000170 
0.000190 
0.000250 
-0.000010 
-0.000500 
-0.001110 
-0.001730 
-0.002270 
-0.002680 
-0.002870 
-0.002800 
-0.002500 
-0.002070 
-0.001580 
-0.001110 
-0.000760 
-0.000560 
-0.000450 
-0.000380 
-0.000330 
-0.000230 
-0.000030 
0.000280 
0.000700 
0.001150 
0.001570 
0.001830 
0.001810 
0.001530 
0.001110 
0.000700 
0.000420 
0.000300 
0.000340 
0.000470 
0.000650 
0.000900 
0.001230 
0.001620 
0.001950 
0.002130 
0.002110 
0.001840 
0.001350 
0.000740 
0.000120 
-0.000430 
-0.000850 
-0.001100 
-0.001150 
-0.001020 
-0.000760 
-0.000410 
-0.000040 
0.000220 
0.000350 
0.000370 
0.000360 
0.000330 
0.000220 
-0.000000 
-0.000340 
-0.000780 
-0.001240 
-0.001620 
-0.001880 
-0.002080 
-0.002230 
-0.002330 
-0.002350 
-0.002250 
-0.001990 
-0.001560 
-0.000990 
-0.000420 
0.000060 
0.000410 
0.000600 
0.000630 
0.000530 
0.000350 
0.000130 
-0.000090 
-0.000210 
-0.000140 
0.000160 
0.000610 
0.001150 
0.001690 
0.002160 
0.002560 
0.002890 
0.003170 
0.003380 
0.003510 
0.003610 
0.003710 
0.003790 
0.003770 
0.003570 
0.003130 
0.002400 
0.001460 
0.000480 
-0.000360 
-0.000950 
-0.001250 
-0.001300 
-0.001190 
-0.001050 
-0.000920 
-0.000830 
-0.000810 
-0.000920 
-0.001220 
-0.001670 
-0.002190 
-0.002670 
-0.003010 
-0.003170 
-0.003200 
-0.003160 
-0.003070 
-0.002920 
-0.002690 
-0.002420 
-0.002100 
-0.001740 
-0.001350 
-0.000910 
-0.000360 
0.000320 
0.001090 
0.001840 
0.002470 
0.002850 
0.002920 
0.002700 
0.002310 
0.001850 
0.001420 
0.001050 
0.000830 
0.000830 
0.001090 
0.001590 
0.002210 
0.002750 
0.003060 
0.003050 
0.002780 
0.002310 
0.001720 
0.001030 
0.000320 
-0.000350 
-0.000850 
-0.001080 
-0.001000 
-0.000690 
-0.000300 
-0.000000 
0.000090 
-0.000120 
-0.000560 
-0.001130 
-0.001660 
-0.002040 
-0.002170 
-0.002040 
-0.001670 
-0.001120 
-0.000490 
0.000080 
0.000420 
0.000430 
