-0.000670 
-0.001570 
-0.002290 
-0.002090 
-0.000560 
0.002040 
0.004580 
0.005210 
0.002490 
-0.003220 
-0.009270 
-0.012130 
-0.009540 
-0.002190 
0.006430 
0.011760 
0.010670 
0.003440 
-0.006070 
-0.012460 
-0.011870 
-0.004260 
0.006170 
0.013250 
0.012550 
0.004090 
-0.007700 
-0.016500 
-0.017450 
-0.009820 
0.002610 
0.013820 
0.018820 
0.016010 
0.007940 
-0.000260 
-0.003840 
-0.000970 
0.006600 
0.014710 
0.019050 
0.017500 
0.011160 
0.003750 
-0.000260 
0.001910 
0.009800 
0.019850 
0.027300 
0.028690 
0.023730 
0.015540 
0.008800 
0.007210 
0.011390 
0.018630 
0.024460 
0.025380 
0.020800 
0.013310 
0.007130 
0.005610 
0.009340 
0.016020 
0.021970 
0.024280 
0.022330 
0.017840 
0.013690 
0.012130 
0.013690 
0.017070 
0.020150 
0.021160 
0.019630 
0.016350 
0.012860 
0.010630 
0.010450 
0.012160 
0.014870 
0.017340 
0.018530 
0.018060 
0.016320 
0.014330 
0.013280 
0.013820 
0.015700 
0.017800 
0.018680 
0.017460 
0.014370 
0.010740 
0.008340 
0.008320 
0.010530 
0.013620 
0.015830 
0.016010 
0.014300 
0.012000 
0.010690 
0.011270 
0.013370 
0.015600 
0.016460 
0.015200 
0.012290 
0.009070 
0.006990 
0.006760 
0.008080 
0.009920 
0.011170 
0.011330 
0.010580 
0.009640 
0.009190 
0.009500 
0.010330 
0.011150 
0.011420 
0.010880 
0.009630 
0.007970 
0.006360 
0.005220 
0.004840 
0.005240 
0.006210 
0.007280 
0.007960 
0.007950 
0.007350 
0.006620 
0.006300 
0.006690 
0.007560 
0.008280 
0.008200 
0.007070 
0.005260 
0.003580 
0.002830 
0.003300 
0.004630 
0.006010 
0.006720 
0.006500 
0.005690 
0.004940 
0.004760 
0.005240 
0.005990 
0.006420 
0.006140 
0.005160 
0.003900 
0.002920 
0.002570 
0.002850 
0.003450 
0.003980 
0.004190 
0.004070 
0.003780 
0.003500 
0.003340 
0.003270 
0.003230 
0.003170 
0.003090 
0.002940 
0.002690 
0.002270 
0.001720 
0.001200 
0.000950 
0.001110 
0.001610 
0.002140 
0.002330 
0.001950 
0.001150 
0.000330 
-0.000080 
0.000100 
0.000680 
0.001190 
0.001220 
0.000660 
-0.000210 
-0.000930 
-0.001180 
-0.000960 
-0.000560 
-0.000340 
-0.000480 
-0.000900 
-0.001350 
-0.001580 
-0.001500 
-0.001240 
-0.000940 
-0.000730 
-0.000610 
-0.000530 
-0.000510 
-0.000630 
-0.000970 
-0.001490 
-0.002020 
-0.002350 
-0.002360 
-0.002130 
-0.001890 
-0.001860 
-0.002060 
-0.002300 
-0.002290 
-0.001910 
-0.001290 
-0.000760 
-0.000640 
-0.001040 
-0.001790 
-0.002560 
-0.003080 
-0.003280 
-0.003280 
-0.003220 
-0.003200 
-0.003170 
-0.003050 
-0.002790 
-0.002460 
-0.002160 
-0.001950 
-0.001880 
-0.001940 
-0.002120 
-0.002450 
-0.002960 
-0.003570 
-0.004140 
-0.004510 
-0.004610 
-0.004500 
-0.004330 
-0.004220 
-0.004190 
-0.004120 
-0.003900 
-0.003530 
-0.003180 
-0.003090 
-0.003430 
-0.004150 
-0.005030 
-0.005750 
-0.006110 
-0.006110 
-0.005930 
-0.005770 
-0.005730 
-0.005750 
-0.005680 
-0.005430 
-0.005050 
-0.004720 
-0.004590 
-0.004750 
-0.005140 
-0.005600 
-0.006010 
-0.006320 
-0.006540 
-0.006700 
-0.006760 
-0.006680 
-0.006470 
-0.006170 
-0.005920 
-0.005790 
-0.005760 
-0.005750 
-0.005650 
-0.005480 
-0.005350 
-0.005410 
-0.005710 
-0.006140 
-0.006490 
-0.006600 
-0.006450 
-0.006190 
-0.005980 
-0.005920 
-0.005940 
-0.005910 
-0.005750 
-0.005500 
-0.005330 
-0.005370 
-0.005610 
-0.005940 
-0.006180 
-0.006240 
-0.006160 
-0.006070 
-0.006090 
-0.006240 
-0.006430 
-0.006550 
-0.006560 
-0.006510 
-0.006490 
-0.006590 
-0.006770 
-0.006950 
-0.007030 
-0.006970 
-0.006830 
-0.006700 
-0.006660 
-0.006730 
-0.006880 
-0.007060 
-0.007270 
-0.007550 
-0.007930 
-0.008350 
-0.008700 
-0.008840 
-0.008700 
-0.008330 
-0.007880 
-0.007520 
-0.007310 
-0.007220 
-0.007150 
-0.007080 
-0.007030 
-0.007130 
-0.007460 
-0.007980 
-0.008550 
-0.008990 
-0.009160 
-0.009050 
-0.008750 
-0.008380 
-0.007990 
-0.007610 
-0.007190 
-0.006770 
-0.006420 
-0.006270 
-0.006400 
-0.006780 
-0.007320 
-0.007860 
-0.008270 
-0.008500 
-0.008580 
-0.008570 
-0.008480 
-0.008300 
-0.007960 
-0.007480 
-0.006900 
-0.006350 
-0.005990 
-0.005900 
-0.006070 
-0.006420 
-0.006840 
-0.007240 
-0.007570 
-0.007830 
-0.008030 
-0.008150 
-0.008180 
-0.008100 
-0.007930 
-0.007700 
-0.007460 
-0.007250 
-0.007110 
-0.007070 
-0.007140 
-0.007300 
-0.007530 
-0.007780 
-0.008030 
-0.008240 
-0.008400 
-0.008500 
-0.008490 
-0.008370 
-0.008180 
-0.008020 
-0.007960 
-0.008040 
-0.008210 
-0.008350 
-0.008370 
-0.008250 
-0.008100 
-0.008050 
-0.008150 
-0.008320 
-0.008420 
-0.008320 
-0.008060 
-0.007780 
-0.007650 
-0.007740 
-0.007970 
-0.008180 
-0.008240 
-0.008180 
-0.008100 
-0.008110 
-0.008220 
-0.008300 
-0.008190 
-0.007860 
-0.007390 
-0.006990 
-0.006830 
-0.006890 
-0.007060 
-0.007170 
-0.007150 
-0.007080 
-0.007130 
-0.007390 
-0.007780 
-0.008100 
-0.008160 
-0.007890 
-0.007450 
-0.007050 
-0.006840 
-0.006820 
-0.006850 
-0.006790 
-0.006670 
-0.006620 
-0.006800 
-0.007250 
-0.007810 
-0.008230 
-0.008350 
-0.008190 
-0.007930 
-0.007770 
-0.007770 
-0.007830 
-0.007760 
-0.007490 
-0.007100 
-0.006820 
-0.006820 
-0.007110 
-0.007530 
-0.007870 
-0.008020 
-0.008020 
-0.007970 
-0.007970 
-0.007980 
-0.007890 
-0.007650 
-0.007290 
-0.006960 
-0.006800 
-0.006870 
-0.007090 
-0.007330 
-0.007490 
-0.007570 
-0.007630 
-0.007750 
-0.007910 
-0.008030 
-0.007980 
-0.007750 
-0.007360 
-0.006970 
-0.006660 
-0.006500 
-0.006440 
-0.006420 
-0.006410 
-0.006420 
-0.006510 
-0.006710 
-0.006970 
-0.007230 
-0.007390 
-0.007430 
-0.007390 
-0.007310 
-0.007260 
-0.007200 
-0.007110 
-0.006960 
-0.006760 
-0.006560 
-0.006420 
-0.006360 
-0.006350 
-0.006350 
-0.006320 
-0.006280 
-0.006250 
-0.006270 
-0.006340 
-0.006440 
-0.006560 
-0.006690 
-0.006840 
-0.006950 
-0.006970 
-0.006860 
-0.006620 
-0.006310 
-0.006000 
