-0.000140 
0.000090 
0.000570 
0.001360 
0.002540 
0.004200 
0.006280 
0.008360 
0.009600 
0.009400 
0.008570 
0.009140 
0.012750 
0.018720 
0.023890 
0.024650 
0.019620 
0.010870 
0.002460 
-0.002360 
-0.002730 
0.000390 
0.005250 
0.009610 
0.011170 
0.008640 
0.002820 
-0.003360 
-0.006400 
-0.004660 
0.000240 
0.004680 
0.005690 
0.002770 
-0.002210 
-0.006320 
-0.007300 
-0.004510 
0.000990 
0.006840 
0.010320 
0.009700 
0.005330 
-0.000280 
-0.003920 
-0.003720 
-0.000230 
0.004090 
0.006480 
0.005440 
0.001500 
-0.003230 
-0.006300 
-0.006240 
-0.003240 
0.001080 
0.004540 
0.005570 
0.003950 
0.000790 
-0.002170 
-0.003400 
-0.002480 
-0.000230 
0.001820 
0.002320 
0.000840 
-0.001950 
-0.004720 
-0.006160 
-0.005640 
-0.003440 
-0.000600 
0.001600 
0.002260 
0.001380 
-0.000200 
-0.001330 
-0.001300 
-0.000140 
0.001420 
0.002420 
0.002180 
0.000630 
-0.001600 
-0.003530 
-0.004330 
-0.003710 
-0.002110 
-0.000390 
0.000640 
0.000660 
-0.000070 
-0.000880 
-0.001130 
-0.000570 
0.000510 
0.001460 
0.001670 
0.000870 
-0.000700 
-0.002470 
-0.003730 
-0.004040 
-0.003370 
-0.002120 
-0.000890 
-0.000160 
-0.000040 
-0.000300 
-0.000520 
-0.000380 
0.000180 
0.000860 
0.001220 
0.000890 
-0.000190 
-0.001730 
-0.003170 
-0.003960 
-0.003880 
-0.003070 
-0.001950 
-0.001010 
-0.000520 
-0.000470 
-0.000600 
-0.000580 
-0.000260 
0.000260 
0.000710 
0.000740 
0.000210 
-0.000800 
-0.001930 
-0.002760 
-0.003010 
-0.002630 
-0.001850 
-0.001030 
-0.000440 
-0.000200 
-0.000240 
-0.000340 
-0.000310 
-0.000080 
0.000220 
0.000370 
0.000200 
-0.000340 
-0.001100 
-0.001810 
-0.002200 
-0.002140 
-0.001680 
-0.001030 
-0.000440 
-0.000120 
-0.000080 
-0.000200 
-0.000310 
-0.000270 
-0.000120 
-0.000000 
-0.000070 
-0.000420 
-0.000980 
-0.001540 
-0.001910 
-0.001950 
-0.001710 
-0.001340 
-0.001020 
-0.000880 
-0.000920 
-0.001050 
-0.001170 
-0.001200 
-0.001120 
-0.001010 
-0.000950 
-0.001030 
-0.001250 
-0.001570 
-0.001870 
-0.002060 
-0.002070 
-0.001940 
-0.001770 
-0.001670 
-0.001710 
-0.001880 
-0.002100 
-0.002250 
-0.002230 
-0.002040 
-0.001750 
-0.001510 
-0.001410 
-0.001490 
-0.001690 
-0.001920 
-0.002110 
-0.002240 
-0.002310 
-0.002350 
-0.002380 
-0.002370 
-0.002300 
-0.002140 
-0.001880 
-0.001550 
-0.001170 
-0.000780 
-0.000430 
-0.000200 
-0.000130 
-0.000260 
-0.000550 
-0.000930 
-0.001290 
-0.001550 
-0.001660 
-0.001630 
-0.001500 
-0.001310 
-0.001060 
-0.000730 
-0.000320 
0.000140 
0.000550 
0.000820 
0.000860 
0.000660 
0.000290 
-0.000150 
-0.000580 
-0.000950 
-0.001230 
-0.001390 
-0.001410 
-0.001300 
-0.001060 
-0.000740 
-0.000370 
-0.000020 
0.000280 
0.000470 
0.000490 
0.000310 
-0.000050 
-0.000540 
-0.001030 
-0.001400 
-0.001580 
-0.001580 
-0.001470 
-0.001320 
-0.001170 
-0.000980 
-0.000740 
-0.000430 
-0.000110 
0.000090 
0.000090 
-0.000150 
-0.000570 
-0.001050 
-0.001460 
-0.001730 
-0.001850 
-0.001840 
-0.001750 
-0.001620 
-0.001470 
-0.001320 
-0.001170 
-0.001030 
-0.000930 
-0.000860 
-0.000880 
-0.001000 
-0.001230 
-0.001540 
-0.001860 
-0.002130 
-0.002260 
-0.002260 
-0.002160 
-0.002020 
-0.001890 
-0.001780 
-0.001670 
-0.001540 
-0.001380 
-0.001240 
-0.001160 
-0.001160 
-0.001250 
-0.001360 
-0.001450 
-0.001470 
-0.001440 
-0.001370 
-0.001300 
-0.001250 
-0.001220 
-0.001200 
-0.001160 
-0.001110 
-0.001040 
-0.000980 
-0.000910 
-0.000840 
-0.000750 
-0.000640 
-0.000530 
-0.000430 
-0.000370 
-0.000360 
-0.000410 
-0.000510 
-0.000660 
-0.000820 
-0.000980 
-0.001100 
-0.001140 
-0.001090 
-0.000970 
-0.000810 
-0.000650 
-0.000490 
-0.000330 
-0.000180 
-0.000070 
-0.000030 
-0.000110 
-0.000310 
-0.000610 
-0.000950 
-0.001240 
-0.001440 
-0.001520 
-0.001480 
-0.001340 
-0.001120 
-0.000830 
-0.000480 
-0.000110 
0.000220 
0.000440 
0.000500 
0.000370 
0.000080 
-0.000310 
-0.000740 
-0.001120 
-0.001400 
-0.001540 
-0.001550 
-0.001430 
-0.001190 
-0.000860 
-0.000480 
-0.000090 
0.000240 
0.000450 
0.000480 
0.000350 
0.000100 
-0.000240 
-0.000600 
-0.000940 
-0.001250 
-0.001500 
-0.001650 
-0.001670 
-0.001550 
-0.001300 
-0.000990 
-0.000690 
-0.000460 
-0.000340 
-0.000340 
-0.000470 
-0.000700 
-0.001000 
-0.001310 
-0.001570 
-0.001730 
-0.001780 
-0.001770 
-0.001710 
-0.001620 
-0.001520 
-0.001380 
-0.001200 
-0.001000 
-0.000830 
-0.000720 
-0.000670 
-0.000680 
-0.000710 
-0.000720 
-0.000710 
-0.000680 
-0.000650 
-0.000630 
-0.000610 
-0.000580 
-0.000560 
-0.000530 
-0.000520 
-0.000510 
-0.000500 
-0.000460 
-0.000400 
-0.000320 
-0.000230 
-0.000160 
-0.000090 
-0.000010 
0.000070 
0.000160 
0.000230 
0.000240 
0.000200 
0.000110 
-0.000020 
-0.000170 
-0.000310 
-0.000410 
-0.000460 
-0.000420 
-0.000260 
-0.000000 
0.000320 
0.000620 
0.000840 
0.000930 
0.000880 
0.000720 
0.000510 
0.000260 
-0.000000 
-0.000280 
-0.000550 
-0.000760 
-0.000880 
-0.000870 
-0.000740 
-0.000540 
-0.000330 
-0.000130 
0.000010 
0.000100 
0.000100 
-0.000000 
-0.000230 
-0.000560 
-0.000930 
-0.001280 
-0.001530 
-0.001660 
-0.001680 
-0.001610 
-0.001470 
-0.001280 
-0.001050 
-0.000800 
-0.000580 
-0.000440 
-0.000410 
-0.000490 
-0.000650 
-0.000850 
-0.001070 
-0.001300 
-0.001500 
-0.001630 
-0.001650 
-0.001510 
-0.001240 
-0.000880 
-0.000540 
-0.000290 
-0.000160 
-0.000130 
-0.000150 
-0.000200 
-0.000270 
-0.000380 
-0.000510 
-0.000630 
-0.000680 
-0.000640 
-0.000510 
-0.000330 
-0.000130 
0.000060 
0.000210 
0.000340 
0.000420 
0.000450 
0.000440 
0.000390 
0.000320 
0.000260 
0.000240 
0.000270 
0.000320 
0.000360 
0.000390 
0.000390 
0.000380 
0.000350 
0.000300 
0.000230 
0.000160 
0.000120 
0.000140 
0.000240 
0.000370 
0.000520 
0.000640 
0.000720 
0.000770 
0.000780 
0.000750 
0.000650 
0.000470 
