-0.003580 
-0.002400 
-0.000960 
0.000580 
0.002030 
0.003190 
0.003890 
0.004020 
0.003540 
0.002490 
0.000980 
-0.000790 
-0.002610 
-0.004220 
-0.005360 
-0.005820 
-0.005460 
-0.004260 
-0.002290 
0.000280 
0.003150 
0.005960 
0.008320 
0.009900 
0.010450 
0.009870 
0.008220 
0.005710 
0.002660 
-0.000510 
-0.003430 
-0.005700 
-0.007020 
-0.007210 
-0.006190 
-0.004080 
-0.001130 
0.002270 
0.005670 
0.008600 
0.010650 
0.011500 
0.010980 
0.009110 
0.006060 
0.002210 
-0.001960 
-0.005920 
-0.009140 
-0.011210 
-0.011880 
-0.011060 
-0.008880 
-0.005620 
-0.001720 
0.002300 
0.005910 
0.008620 
0.010060 
0.010010 
0.008470 
0.005580 
0.001670 
-0.002760 
-0.007140 
-0.010880 
-0.013440 
-0.014450 
-0.013780 
-0.011540 
-0.008050 
-0.003770 
0.000770 
0.005010 
0.008440 
0.010630 
0.011290 
0.010330 
0.007900 
0.004320 
0.000100 
-0.004210 
-0.008030 
-0.010860 
-0.012300 
-0.012110 
-0.010280 
-0.007010 
-0.002710 
0.002060 
0.006680 
0.010540 
0.013160 
0.014240 
0.013670 
0.011520 
0.008080 
0.003810 
-0.000750 
-0.004970 
-0.008310 
-0.010320 
-0.010760 
-0.009570 
-0.006920 
-0.003160 
0.001220 
0.005620 
0.009440 
0.012170 
0.013430 
0.013070 
0.011120 
0.007870 
0.003740 
-0.000760 
-0.005060 
-0.008630 
-0.011040 
-0.012030 
-0.011520 
-0.009610 
-0.006590 
-0.002860 
0.001120 
0.004810 
0.007730 
0.009470 
0.009760 
0.008560 
0.006040 
0.002560 
-0.001410 
-0.005350 
-0.008780 
-0.011310 
-0.012640 
-0.012620 
-0.011260 
-0.008730 
-0.005350 
-0.001560 
0.002180 
0.005430 
0.007810 
0.009060 
0.009060 
0.007810 
0.005490 
0.002420 
-0.000990 
-0.004250 
-0.006910 
-0.008660 
-0.009290 
-0.008770 
-0.007190 
-0.004730 
-0.001680 
0.001630 
0.004830 
0.007570 
0.009530 
0.010500 
0.010390 
0.009240 
0.007190 
0.004480 
0.001430 
-0.001610 
-0.004260 
-0.006180 
-0.007130 
-0.006990 
-0.005760 
-0.003620 
-0.000850 
0.002220 
0.005200 
0.007750 
0.009570 
0.010420 
0.010190 
0.008890 
0.006660 
0.003720 
0.000380 
-0.002960 
-0.005940 
-0.008180 
-0.009410 
-0.009500 
-0.008430 
-0.006370 
-0.003580 
-0.000420 
0.002720 
0.005450 
0.007420 
0.008370 
0.008140 
0.006720 
0.004260 
0.001040 
-0.002570 
-0.006150 
-0.009260 
-0.011520 
-0.012610 
-0.012370 
-0.010790 
-0.008040 
-0.004460 
-0.000500 
0.003350 
0.006590 
0.008850 
0.009850 
0.009490 
0.007810 
0.005020 
0.001460 
-0.002390 
-0.006040 
-0.009010 
-0.010880 
-0.011390 
-0.010470 
-0.008200 
-0.004830 
-0.000750 
0.003540 
0.007530 
0.010690 
0.012620 
0.013090 
0.012060 
0.009680 
0.006250 
0.002210 
-0.001940 
-0.005660 
-0.008490 
-0.010080 
-0.010200 
-0.008830 
-0.006130 
-0.002440 
0.001790 
0.006040 
0.009750 
0.012420 
0.013660 
0.013280 
0.011300 
0.007960 
0.003690 
-0.000970 
-0.005420 
-0.009110 
-0.011570 
-0.012530 
-0.011900 
-0.009800 
-0.006500 
-0.002450 
0.001840 
0.005840 
0.009010 
0.010940 
0.011340 
0.010110 
0.007400 
0.003550 
-0.000940 
-0.005490 
-0.009520 
-0.012510 
-0.014080 
-0.014030 
-0.012370 
-0.009320 
-0.005280 
-0.000780 
0.003600 
0.007310 
0.009880 
0.011000 
0.010550 
0.008600 
0.005390 
0.001340 
-0.003020 
-0.007090 
-0.010310 
-0.012240 
-0.012590 
-0.011320 
-0.008580 
-0.004750 
-0.000340 
0.004090 
0.007980 
0.010850 
0.012360 
0.012350 
0.010860 
0.008130 
0.004530 
0.000550 
-0.003300 
-0.006530 
-0.008710 
-0.009540 
-0.008940 
-0.006990 
-0.003970 
-0.000290 
0.003560 
0.007070 
0.009780 
0.011350 
0.011590 
0.010480 
0.008180 
0.005000 
0.001340 
-0.002340 
-0.005610 
-0.008090 
-0.009470 
-0.009600 
-0.008470 
-0.006270 
-0.003330 
-0.000070 
0.003040 
0.005610 
0.007310 
0.007950 
0.007460 
0.005910 
0.003500 
0.000550 
-0.002560 
-0.005430 
-0.007700 
-0.009150 
-0.009620 
-0.009130 
-0.007760 
-0.005700 
-0.003200 
-0.000530 
0.001970 
0.004010 
0.005340 
0.005820 
0.005420 
0.004210 
0.002380 
0.000170 
-0.002130 
-0.004230 
-0.005870 
-0.006850 
-0.007040 
-0.006440 
-0.005130 
-0.003270 
-0.001080 
0.001190 
0.003310 
0.005060 
0.006290 
0.006850 
0.006700 
0.005850 
0.004390 
0.002520 
0.000450 
-0.001540 
-0.003200 
-0.004320 
-0.004770 
-0.004510 
-0.003610 
-0.002180 
-0.000410 
0.001520 
0.003400 
0.005040 
0.006240 
0.006840 
0.006750 
0.005930 
0.004480 
0.002560 
0.000380 
-0.001790 
-0.003730 
-0.005210 
-0.006050 
-0.006140 
-0.005450 
-0.004090 
-0.002240 
-0.000160 
0.001900 
0.003690 
0.005030 
0.005760 
0.005790 
0.005070 
0.003620 
0.001560 
-0.000880 
-0.003390 
-0.005650 
-0.007350 
-0.008280 
-0.008330 
-0.007500 
-0.005900 
-0.003690 
-0.001130 
0.001480 
0.003830 
0.005620 
0.006620 
0.006720 
0.005900 
0.004260 
0.002010 
-0.000610 
-0.003270 
-0.005630 
-0.007370 
-0.008240 
-0.008100 
-0.006930 
-0.004840 
-0.002060 
0.001060 
0.004130 
0.006760 
0.008630 
0.009520 
0.009320 
0.008050 
0.005880 
0.003040 
-0.000100 
-0.003180 
-0.005790 
-0.007570 
-0.008270 
-0.007780 
-0.006130 
-0.003540 
-0.000320 
0.003120 
0.006350 
0.008960 
0.010580 
0.010950 
0.010000 
0.007830 
0.004730 
0.001110 
-0.002540 
-0.005780 
-0.008220 
-0.009570 
-0.009680 
-0.008520 
-0.006230 
-0.003080 
0.000550 
0.004160 
0.007250 
0.009410 
0.010320 
0.009850 
0.008030 
0.005090 
0.001400 
-0.002570 
-0.006300 
-0.009310 
-0.011200 
-0.011760 
-0.010930 
-0.008850 
-0.005800 
-0.002150 
0.001620 
0.005050 
0.007690 
0.009190 
0.009330 
0.008090 
0.005620 
0.002270 
-0.001500 
-0.005180 
-0.008260 
-0.010340 
-0.011130 
-0.010540 
-0.008650 
-0.005740 
-0.002180 
0.001560 
0.005020 
0.007780 
0.009510 
0.010000 
0.009220 
0.007290 
0.004480 
0.001180 
-0.002160 
-0.005090 
-0.007240 
-0.008330 
-0.008230 
-0.006970 
-0.004700 
-0.001750 
0.001500 
0.004610 
0.007200 
0.008940 
0.009640 
0.009250 
0.007830 
0.005560 
0.002740 
-0.000290 
-0.003170 
-0.005530 
-0.007090 
-0.007660 
-0.007180 
-0.005750 
-0.003560 
-0.000940 
0.001760 
0.004180 
0.006000 
0.006980 
0.007020 
0.006140 
0.004460 
0.002200 
-0.000360 
-0.002920 
-0.005160 
-0.006820 
-0.007710 
-0.007730 
-0.006900 
-0.005360 
-0.003310 
-0.001010 
0.001260 
0.003220 
0.004620 
0.005290 
0.005170 
0.004290 
0.002810 
0.000920 
-0.001100 
-0.003010 
-0.004590 
-0.005660 
-0.006120 
-0.005900 
-0.005030 
-0.003590 
-0.001750 
0.000280 
0.002270 
0.003980 
0.005210 
0.005790 
0.005670 
0.004880 
0.003530 
0.001830 
0.000010 
-0.001710 
-0.003090 
-0.004000 
-0.004320 
-0.004050 
-0.003220 
-0.001960 
-0.000420 
0.001230 
0.002810 
0.004160 
0.005120 
0.005590 
0.005510 
0.004890 
0.003790 
0.002340 
0.000700 
-0.000920 
-0.002340 
-0.003390 
-0.003960 
-0.004010 
-0.003550 
-0.002640 
-0.001380 
0.000080 
0.001580 
0.002950 
0.004020 
0.004660 
0.004760 
0.004300 
0.003320 
0.001910 
0.000200 
-0.001620 
-0.003330 
-0.004700 
-0.005570 
-0.005820 
-0.005460 
-0.004540 
-0.003180 
-0.001540 
0.000200 
0.001870 
0.003280 
0.004250 
0.004650 
0.004390 
0.003500 
0.002070 
0.000270 
-0.001680 
-0.003530 
-0.005060 
-0.006050 
-0.006370 
-0.005960 
-0.004850 
-0.003170 
-0.001120 
0.001050 
0.003110 
0.004790 
0.005890 
0.006240 
0.005790 
0.004590 
0.002810 
0.000670 
-0.001560 
-0.003630 
-0.005250 
-0.006180 
-0.006220 
-0.005310 
-0.003550 
-0.001190 
0.001420 
0.003930 
0.006000 
0.007390 
0.007920 
0.007550 
0.006310 
0.004370 
0.001980 
-0.000560 
-0.002930 
-0.004830 
-0.006020 
-0.006380 
-0.005850 
-0.004480 
-0.002390 
0.000170 
0.002820 
0.005150 
0.006780 
0.007460 
0.007140 
0.005890 
0.003900 
0.001420 
-0.001250 
-0.003820 
-0.005980 
-0.007470 
-0.008080 
-0.007730 
-0.006480 
-0.004500 
-0.002070 
0.000500 
0.002910 
0.004820 
0.005970 
0.006160 
0.005390 
0.003790 
0.001620 
-0.000820 
-0.003200 
-0.005240 
-0.006680 
-0.007370 
-0.007230 
-0.006260 
-0.004580 
-0.002410 
-0.000040 
0.002250 
0.004190 
0.005600 
0.006300 
0.006190 
0.005260 
0.003610 
0.001500 
-0.000760 
-0.002850 
-0.004460 
-0.005400 
-0.005590 
-0.005020 
-0.003770 
-0.001960 
0.000210 
0.002460 
0.004470 
0.005980 
0.006810 
0.006890 
0.006260 
0.004990 
0.003240 
0.001200 
-0.000870 
-0.002700 
-0.004060 
-0.004740 
-0.004690 
-0.003930 
-0.002610 
-0.000920 
0.000910 
0.002630 
0.004050 
0.004950 
0.005230 
0.004860 
0.003920 
0.002550 
0.000890 
-0.000890 
-0.002600 
-0.004060 
-0.005090 
-0.005540 
-0.005320 
-0.004470 
-0.003120 
-0.001490 
0.000160 
0.001630 
0.002730 
0.003350 
0.003440 
0.002970 
0.002030 
0.000770 
-0.000630 
-0.002010 
-0.003190 
-0.004070 
-0.004560 
-0.004580 
-0.004100 
-0.003150 
-0.001830 
-0.000300 
0.001210 
0.002470 
0.003350 
0.003770 
0.003740 
0.003300 
0.002510 
0.001490 
0.000350 
-0.000750 
-0.001680 
-0.002320 
-0.002610 
-0.002540 
-0.002140 
-0.001430 
-0.000470 
0.000660 
0.001850 
0.002930 
0.003740 
0.004170 
0.004160 
0.003750 
0.002990 
0.002000 
0.000900 
-0.000180 
-0.001130 
-0.001850 
-0.002270 
-0.002350 
-0.002130 
-0.001630 
-0.000910 
-0.000030 
0.000940 
0.001880 
0.002670 
0.003180 
0.003300 
0.003000 
0.002310 
0.001290 
0.000090 
-0.001160 
-0.002320 
-0.003270 
-0.003890 
-0.004100 
-0.003860 
-0.003200 
-0.002220 
-0.001020 
0.000230 
0.001420 
0.002380 
0.003010 
0.003190 
0.002880 
0.002090 
0.000920 
-0.000480 
-0.001890 
-0.003110 
-0.003990 
-0.004390 
-0.004270 
-0.003620 
-0.002530 
-0.001130 
0.000410 
0.001880 
0.003120 
0.003970 
0.004350 
0.004210 
0.003560 
0.002470 
0.001070 
-0.000460 
-0.001930 
-0.003110 
-0.003850 
-0.004050 
-0.003670 
-0.002780 
-0.001470 
0.000080 
0.001690 
0.003130 
0.004220 
0.004810 
0.004840 
0.004310 
0.003310 
0.001950 
0.000410 
-0.001150 
-0.002530 
-0.003570 
-0.004120 
-0.004080 
-0.003450 
-0.002310 
-0.000820 
0.000790 
0.002300 
0.003490 
0.004220 
0.004410 
0.004050 
0.003200 
0.001980 
0.000520 
-0.000990 
-0.002400 
-0.003540 
-0.004300 
-0.004610 
-0.004410 
-0.003700 
-0.002540 
-0.001080 
0.000480 
0.001920 
0.003000 
0.003590 
0.003610 
0.003070 
0.002060 
0.000740 
-0.000710 
-0.002130 
-0.003340 
-0.004230 
-0.004700 
-0.004690 
-0.004190 
-0.003220 
-0.001890 
-0.000380 
0.001120 
0.002390 
0.003280 
0.003690 
0.003590 
0.003010 
0.002020 
0.000740 
-0.000670 
-0.001990 
-0.003030 
-0.003630 
-0.003710 
-0.003300 
-0.002480 
-0.001370 
-0.000090 
0.001240 
0.002480 
0.003490 
0.004140 
0.004320 
0.003970 
0.003150 
0.001980 
0.000640 
-0.000680 
-0.001810 
-0.002600 
-0.002990 
-0.002940 
-0.002480 
-0.001690 
-0.000680 
0.000410 
0.001440 
0.002290 
0.002860 
0.003080 
0.002930 
0.002430 
0.001620 
0.000590 
-0.000550 
-0.001670 
-0.002620 
-0.003260 
-0.003490 
-0.003310 
-0.002750 
-0.001950 
-0.001050 
-0.000180 
0.000550 
0.001060 
0.001320 
0.001320 
0.001080 
0.000620 
-0.000020 
-0.000780 
-0.001560 
-0.002260 
-0.002790 
-0.003090 
-0.003120 
-0.002880 
-0.002390 
-0.001700 
-0.000880 
-0.000020 
0.000760 
0.001360 
0.001720 
0.001830 
0.001730 
0.001470 
0.001100 
0.000650 
0.000130 
-0.000390 
-0.000850 
-0.001190 
-0.001340 
-0.001270 
-0.000980 
-0.000510 
0.000090 
0.000750 
0.001420 
0.002020 
0.002460 
0.002680 
0.002630 
0.002310 
0.001770 
0.001100 
0.000370 
-0.000330 
-0.000950 
-0.001450 
-0.001800 
-0.001940 
-0.001850 
-0.001490 
-0.000900 
-0.000140 
0.000660 
0.001360 
0.001840 
0.002020 
0.001870 
0.001440 
0.000810 
0.000060 
-0.000710 
-0.001450 
-0.002090 
-0.002580 
-0.002840 
-0.002830 
-0.002530 
-0.001960 
-0.001190 
-0.000330 
0.000510 
0.001210 
0.001670 
0.001820 
0.001640 
0.001140 
0.000400 
-0.000470 
-0.001350 
-0.002090 
-0.002600 
-0.002830 
-0.002770 
-0.002440 
-0.001870 
-0.001120 
-0.000230 
0.000720 
0.001610 
0.002330 
0.002750 
0.002830 
0.002540 
0.001940 
0.001130 
0.000220 
-0.000660 
-0.001390 
-0.001880 
-0.002060 
-0.001930 
-0.001500 
-0.000830 
0.000000 
0.000890 
0.001750 
0.002480 
0.003020 
0.003290 
0.003240 
0.002840 
0.002130 
0.001180 
0.000130 
-0.000870 
-0.001680 
-0.002180 
-0.002310 
-0.002070 
-0.001490 
-0.000670 
0.000270 
0.001200 
0.002020 
0.002610 
0.002930 
0.002920 
0.002590 
0.001950 
0.001060 
0.000020 
-0.001060 
-0.002040 
-0.002810 
-0.003250 
-0.003300 
-0.002950 
-0.002260 
-0.001340 
-0.000320 
0.000640 
0.001420 
0.001920 
0.002110 
0.001960 
0.001510 
0.000790 
-0.000100 
-0.001070 
-0.001980 
-0.002730 
-0.003190 
-0.003300 
-0.003020 
-0.002370 
-0.001450 
-0.000350 
0.000780 
0.001800 
0.002570 
0.002990 
0.002990 
0.002590 
0.001850 
0.000920 
-0.000080 
-0.000990 
-0.001720 
-0.002180 
-0.002340 
-0.002190 
-0.001750 
-0.001060 
-0.000160 
0.000830 
0.001810 
0.002620 
0.003150 
0.003320 
0.003110 
0.002550 
0.001760 
0.000860 
-0.000010 
-0.000750 
-0.001290 
-0.001590 
-0.001640 
-0.001440 
-0.001020 
-0.000410 
0.000330 
0.001100 
0.001790 
0.002300 
0.002550 
0.002490 
0.002120 
0.001490 
0.000690 
-0.000190 
-0.001000 
-0.001650 
-0.002080 
-0.002260 
-0.002230 
-0.002000 
-0.001610 
-0.001090 
-0.000510 
0.000080 
0.000590 
0.000960 
0.001160 
0.001170 
0.000990 
0.000640 
0.000160 
-0.000420 
-0.001030 
-0.001560 
-0.001940 
-0.002110 
-0.002050 
-0.001760 
-0.001310 
-0.000750 
-0.000170 
0.000390 
0.000890 
0.001280 
0.001540 
0.001650 
0.001560 
0.001290 
0.000860 
0.000340 
-0.000200 
-0.000680 
-0.001010 
-0.001130 
-0.001020 
-0.000720 
-0.000260 
0.000300 
0.000870 
0.001390 
0.001810 
0.002080 
0.002190 
0.002160 
0.001980 
0.001660 
0.001220 
0.000690 
0.000110 
-0.000430 
-0.000870 
-0.001130 
-0.001170 
-0.000990 
-0.000650 
-0.000210 
0.000260 
0.000700 
0.001040 
0.001260 
0.001310 
0.001180 
0.000870 
0.000420 
-0.000120 
-0.000690 
-0.001200 
-0.001600 
-0.001850 
-0.001950 
-0.001860 
-0.001590 
-0.001150 
-0.000590 
0.000000 
0.000550 
0.000950 
0.001140 
0.001110 
0.000890 
0.000540 
0.000120 
-0.000320 
-0.000760 
-0.001160 
-0.001470 
-0.001660 
-0.001700 
-0.001560 
-0.001250 
-0.000790 
-0.000240 
0.000340 
0.000880 
0.001310 
0.001580 
0.001650 
0.001520 
0.001200 
0.000750 
0.000260 
-0.000200 
-0.000560 
-0.000790 
-0.000880 
-0.000840 
-0.000680 
-0.000390 
0.000020 
0.000510 
0.001030 
0.001490 
0.001810 
0.001930 
0.001830 
0.001520 
0.001070 
0.000540 
-0.000010 
-0.000530 
-0.000960 
-0.001260 
-0.001400 
-0.001330 
-0.001070 
-0.000650 
-0.000140 
0.000400 
0.000890 
0.001270 
0.001480 
0.001500 
0.001330 
0.000990 
0.000500 
-0.000100 
-0.000730 
-0.001310 
-0.001750 
-0.001980 
-0.001960 
-0.001700 
-0.001250 
-0.000690 
-0.000120 
0.000400 
0.000790 
0.001040 
0.001120 
0.001020 
0.000750 
0.000340 
-0.000180 
-0.000740 
-0.001270 
-0.001680 
-0.001900 
-0.001890 
-0.001630 
-0.001180 
-0.000610 
0.000010 
0.000570 
0.001020 
0.001310 
0.001420 
0.001360 
0.001150 
0.000800 
0.000370 
-0.000110 
-0.000560 
-0.000940 
-0.001190 
-0.001290 
-0.001220 
-0.000980 
-0.000590 
-0.000100 
0.000430 
0.000920 
0.001320 
0.001560 
0.001600 
0.001460 
0.001160 
0.000790 
0.000390 
0.000020 
-0.000310 
-0.000560 
-0.000720 
-0.000770 
-0.000700 
-0.000510 
-0.000210 
0.000150 
0.000540 
0.000890 
0.001150 
0.001290 
0.001280 
0.001130 
0.000850 
0.000470 
0.000060 
-0.000350 
-0.000720 
-0.001010 
-0.001200 
-0.001290 
-0.001260 
-0.001130 
-0.000920 
-0.000650 
-0.000350 
-0.000050 
0.000200 
0.000360 
0.000400 
0.000300 
0.000080 
-0.000240 
-0.000600 
-0.000950 
-0.001250 
-0.001450 
-0.001550 
-0.001530 
-0.001400 
-0.001180 
-0.000900 
-0.000560 
-0.000190 
0.000180 
0.000500 
0.000750 
0.000880 
0.000870 
0.000720 
0.000460 
0.000130 
-0.000210 
-0.000490 
-0.000670 
-0.000710 
-0.000620 
-0.000410 
-0.000110 
0.000250 
0.000610 
0.000940 
0.001210 
0.001380 
0.001460 
0.001440 
0.001330 
0.001150 
0.000900 
0.000610 
0.000320 
0.000050 
-0.000150 
-0.000260 
-0.000250 
-0.000140 
0.000030 
0.000230 
0.000410 
0.000540 
0.000630 
0.000660 
0.000660 
0.000620 
0.000530 
0.000380 
0.000160 
-0.000120 
-0.000440 
-0.000750 
-0.001020 
-0.001200 
-0.001270 
-0.001220 
-0.001090 
-0.000890 
-0.000660 
-0.000420 
-0.000210 
-0.000050 
0.000020 
0.000020 
-0.000070 
-0.000230 
-0.000440 
-0.000690 
-0.000940 
-0.001190 
-0.001390 
-0.001520 
-0.001540 
-0.001450 
-0.001230 
-0.000920 
-0.000570 
-0.000200 
0.000120 
0.000380 
0.000560 
0.000640 
0.000620 
0.000520 
0.000340 
0.000110 
-0.000150 
-0.000380 
-0.000540 
-0.000610 
-0.000570 
-0.000420 
-0.000160 
0.000180 
0.000550 
0.000910 
0.001210 
0.001390 
0.001420 
0.001290 
0.001030 
0.000690 
0.000330 
0.000020 
-0.000220 
-0.000360 
-0.000410 
-0.000390 
-0.000280 
-0.000090 
0.000190 
0.000520 
0.000860 
0.001130 
0.001280 
0.001280 
0.001120 
0.000840 
0.000470 
0.000060 
-0.000350 
-0.000710 
-0.000990 
-0.001160 
-0.001190 
-0.001090 
-0.000890 
-0.000620 
-0.000330 
-0.000060 
0.000160 
0.000310 
0.000370 
0.000320 
0.000160 
-0.000100 
-0.000430 
-0.000780 
-0.001090 
-0.001300 
-0.001400 
-0.001380 
-0.001260 
-0.001050 
-0.000780 
-0.000500 
-0.000230 
-0.000010 
0.000150 
0.000250 
0.000280 
0.000250 
0.000170 
0.000060 
-0.000080 
-0.000250 
-0.000430 
-0.000620 
-0.000760 
-0.000830 
-0.000780 
-0.000610 
-0.000330 
0.000010 
0.000340 
0.000610 
0.000800 
0.000930 
0.000990 
0.001010 
0.000960 
0.000830 
0.000610 
