-0.006100 
-0.009170 
-0.011060 
-0.011790 
-0.011820 
-0.011550 
-0.010980 
-0.009810 
-0.007860 
-0.005420 
-0.003040 
-0.001190 
-0.000060 
0.000300 
-0.000000 
-0.000770 
-0.001740 
-0.002740 
-0.003750 
-0.004810 
-0.005710 
-0.005900 
-0.004900 
-0.002890 
-0.000570 
0.001530 
0.003460 
0.005260 
0.006550 
0.006890 
0.006440 
0.005740 
0.005080 
0.004260 
0.003170 
0.002070 
0.001320 
0.000910 
0.000620 
0.000460 
0.000750 
0.001550 
0.002430 
0.002950 
0.003160 
0.003360 
0.003670 
0.003910 
0.003820 
0.003240 
0.002100 
0.000490 
-0.001360 
-0.003110 
-0.004520 
-0.005490 
-0.006090 
-0.006470 
-0.006710 
-0.006780 
-0.006510 
-0.005830 
-0.004840 
-0.003790 
-0.002860 
-0.002150 
-0.001650 
-0.001300 
-0.001030 
-0.000800 
-0.000700 
-0.000900 
-0.001460 
-0.002250 
-0.002980 
-0.003410 
-0.003410 
-0.002950 
-0.002060 
-0.000850 
0.000580 
0.002220 
0.004050 
0.005910 
0.007450 
0.008390 
0.008620 
0.008210 
0.007250 
0.005900 
0.004420 
0.003030 
0.001820 
0.000800 
0.000030 
-0.000390 
-0.000430 
-0.000200 
0.000220 
0.000930 
0.002060 
0.003490 
0.004870 
0.005800 
0.006040 
0.005460 
0.004080 
0.002050 
-0.000340 
-0.002770 
-0.004980 
-0.006740 
-0.007820 
-0.008000 
-0.007230 
-0.005730 
-0.003930 
-0.002200 
-0.000690 
0.000620 
0.001710 
0.002490 
0.002920 
0.003000 
0.002690 
0.001880 
0.000560 
-0.000990 
-0.002400 
-0.003420 
-0.004020 
-0.004210 
-0.003830 
-0.002750 
-0.001040 
0.000970 
0.002990 
0.004840 
0.006400 
0.007440 
0.007710 
0.007120 
0.005890 
0.004330 
0.002720 
0.001260 
0.000120 
-0.000640 
-0.001090 
-0.001320 
-0.001340 
-0.001110 
-0.000590 
0.000230 
0.001230 
0.002230 
0.003010 
0.003400 
0.003370 
0.002950 
0.002210 
0.001170 
-0.000140 
-0.001640 
-0.003170 
-0.004560 
-0.005640 
-0.006230 
-0.006160 
-0.005410 
-0.004230 
-0.003020 
-0.002030 
-0.001230 
-0.000520 
0.000160 
0.000730 
0.001060 
0.001070 
0.000750 
0.000240 
-0.000290 
-0.000670 
-0.000870 
-0.000960 
-0.001090 
-0.001270 
-0.001340 
-0.001060 
-0.000310 
0.000850 
0.002210 
0.003530 
0.004620 
0.005320 
0.005580 
0.005400 
0.004870 
0.004090 
0.003130 
0.002100 
0.001140 
0.000310 
-0.000380 
-0.000940 
-0.001320 
-0.001420 
-0.001250 
-0.000940 
-0.000640 
-0.000350 
0.000060 
0.000700 
0.001420 
0.001950 
0.002060 
0.001580 
0.000490 
-0.001060 
-0.002710 
-0.004130 
-0.005130 
-0.005710 
-0.005870 
-0.005610 
-0.004870 
-0.003710 
-0.002300 
-0.000890 
0.000310 
0.001220 
0.001870 
0.002440 
0.003050 
0.003690 
0.004300 
0.004930 
0.005590 
0.006100 
0.006220 
0.006030 
0.005890 
0.005970 
0.005960 
0.005470 
0.004350 
0.002740 
0.000860 
-0.001150 
-0.003090 
-0.004680 
-0.005830 
-0.006810 
-0.007880 
-0.008960 
-0.009490 
-0.008950 
-0.007310 
-0.005120 
-0.002960 
-0.001130 
0.000330 
0.001490 
0.002270 
0.002590 
0.002420 
0.001760 
0.000580 
-0.000970 
-0.002450 
-0.003330 
-0.003440 
-0.003120 
-0.002790 
-0.002340 
-0.001480 
-0.000320 
0.000700 
0.001450 
0.002230 
0.003320 
0.004370 
0.004720 
0.004110 
0.002890 
0.001450 
-0.000070 
-0.001570 
-0.002740 
-0.003330 
-0.003470 
-0.003560 
-0.003600 
-0.003130 
-0.001890 
-0.000190 
0.001410 
0.002470 
0.002940 
0.002960 
0.002680 
0.002250 
0.001810 
0.001440 
0.001050 
0.000420 
-0.000590 
-0.001870 
-0.003040 
-0.003740 
-0.003820 
-0.003360 
-0.002550 
-0.001550 
-0.000490 
0.000510 
0.001360 
0.002070 
0.002630 
0.002870 
0.002560 
0.001640 
0.000350 
-0.000970 
-0.002050 
-0.002780 
-0.003200 
-0.003420 
-0.003530 
-0.003430 
-0.002920 
-0.001890 
-0.000540 
0.000790 
0.001860 
0.002650 
0.003110 
0.003170 
0.002830 
0.002230 
0.001550 
0.000850 
0.000130 
-0.000620 
-0.001350 
-0.001990 
-0.002470 
-0.002550 
-0.001960 
-0.000640 
0.001050 
0.002630 
0.003760 
0.004350 
0.004470 
0.004210 
0.003670 
0.002910 
0.001950 
0.000800 
-0.000470 
-0.001710 
-0.002660 
-0.003240 
-0.003520 
-0.003610 
-0.003450 
-0.002880 
-0.001870 
-0.000590 
0.000740 
0.001980 
0.003010 
0.003650 
0.003640 
0.002960 
0.001880 
0.000740 
-0.000280 
-0.001170 
-0.001870 
-0.002140 
-0.001920 
-0.001480 
-0.001090 
-0.000690 
-0.000060 
0.000760 
0.001450 
0.001700 
0.001600 
0.001450 
0.001430 
0.001480 
0.001430 
0.001170 
0.000650 
-0.000140 
-0.001140 
-0.002140 
-0.002890 
-0.003200 
-0.003020 
-0.002470 
-0.001710 
-0.000890 
-0.000160 
0.000410 
0.000840 
0.001150 
0.001340 
0.001390 
0.001190 
0.000680 
-0.000080 
-0.000880 
-0.001450 
-0.001660 
-0.001620 
-0.001560 
-0.001600 
-0.001690 
-0.001670 
-0.001310 
-0.000580 
0.000320 
0.001110 
0.001590 
0.001770 
0.001800 
0.001800 
0.001770 
0.001640 
0.001320 
0.000730 
-0.000080 
-0.000890 
-0.001420 
-0.001520 
-0.001290 
-0.000930 
-0.000540 
-0.000110 
0.000270 
0.000500 
0.000630 
0.000770 
0.000980 
0.001230 
0.001420 
0.001400 
0.001090 
0.000530 
-0.000150 
-0.000730 
-0.001100 
-0.001400 
-0.001760 
-0.002120 
-0.002210 
-0.001800 
-0.000950 
0.000040 
0.000860 
0.001340 
0.001360 
0.000990 
0.000440 
-0.000070 
-0.000390 
-0.000560 
-0.000700 
-0.000850 
-0.000980 
-0.001020 
-0.001000 
-0.000950 
-0.000830 
-0.000530 
0.000050 
0.000770 
0.001390 
0.001770 
0.001980 
0.002040 
0.001900 
0.001490 
0.000810 
0.000030 
-0.000660 
-0.001130 
-0.001330 
-0.001220 
-0.000850 
-0.000360 
0.000090 
0.000460 
0.000820 
0.001240 
0.001650 
0.001910 
0.001910 
0.001630 
0.001150 
0.000620 
0.000110 
-0.000390 
-0.000910 
-0.001390 
-0.001730 
-0.001810 
-0.001640 
-0.001330 
-0.000960 
-0.000490 
0.000130 
0.000870 
0.001590 
0.002060 
0.002130 
0.001800 
0.001180 
0.000460 
-0.000210 
-0.000760 
-0.001160 
-0.001420 
-0.001560 
-0.001560 
-0.001400 
-0.001070 
-0.000610 
-0.000100 
0.000420 
0.000900 
0.001310 
0.001580 
0.001640 
0.001520 
0.001320 
0.001060 
0.000710 
0.000230 
-0.000390 
-0.001090 
-0.001750 
-0.002240 
-0.002420 
-0.002260 
-0.001850 
-0.001260 
-0.000530 
0.000310 
0.001150 
0.001830 
0.002190 
0.002150 
0.001760 
0.001150 
0.000490 
-0.000040 
-0.000390 
-0.000640 
-0.000990 
-0.001510 
-0.002100 
-0.002510 
-0.002520 
-0.002120 
-0.001390 
-0.000420 
0.000660 
0.001640 
0.002300 
0.002540 
0.002400 
0.002010 
0.001480 
0.000840 
0.000130 
-0.000610 
-0.001320 
-0.001870 
-0.002160 
-0.002150 
-0.001880 
-0.001450 
-0.000990 
-0.000540 
-0.000030 
0.000580 
0.001230 
0.001730 
0.001900 
0.001680 
0.001150 
0.000490 
-0.000160 
-0.000720 
-0.001220 
-0.001680 
-0.002080 
-0.002330 
-0.002330 
-0.002010 
-0.001380 
-0.000540 
0.000380 
0.001220 
0.001830 
0.002110 
0.002070 
0.001790 
0.001350 
0.000790 
0.000150 
-0.000510 
-0.001100 
-0.001570 
-0.001840 
-0.001830 
-0.001480 
-0.000880 
-0.000200 
0.000370 
0.000750 
0.001020 
0.001270 
0.001520 
0.001680 
0.001610 
0.001230 
0.000620 
-0.000080 
-0.000750 
-0.001310 
-0.001760 
-0.002070 
-0.002190 
-0.002040 
-0.001590 
-0.000940 
-0.000220 
0.000400 
0.000880 
0.001210 
0.001410 
0.001450 
0.001320 
0.001050 
0.000670 
0.000250 
-0.000180 
-0.000630 
-0.001090 
-0.001520 
-0.001890 
-0.002040 
-0.001830 
-0.001250 
-0.000450 
0.000380 
0.001090 
0.001640 
0.002010 
0.002130 
0.001960 
0.001510 
0.000880 
0.000160 
-0.000530 
-0.001120 
-0.001580 
-0.001880 
-0.002030 
-0.002050 
-0.001900 
-0.001570 
-0.001090 
-0.000510 
0.000080 
0.000630 
0.001140 
0.001570 
0.001820 
0.001800 
0.001450 
0.000820 
0.000070 
-0.000630 
-0.001180 
-0.001550 
-0.001780 
-0.001890 
-0.001830 
-0.001560 
-0.001110 
-0.000540 
0.000090 
0.000730 
0.001350 
0.001880 
0.002210 
0.002230 
0.001930 
0.001400 
0.000790 
0.000210 
-0.000270 
-0.000670 
-0.001040 
-0.001360 
-0.001580 
-0.001610 
-0.001390 
-0.000990 
-0.000480 
0.000070 
0.000660 
0.001270 
0.001820 
0.002140 
0.002060 
0.001570 
0.000800 
-0.000060 
-0.000840 
-0.001430 
-0.001820 
-0.002020 
-0.002090 
-0.002040 
-0.001870 
-0.001580 
-0.001150 
-0.000590 
0.000060 
0.000740 
0.001350 
0.001760 
0.001900 
0.001750 
0.001350 
0.000780 
0.000130 
-0.000490 
-0.001020 
-0.001430 
-0.001660 
-0.001640 
-0.001320 
-0.000720 
0.000050 
0.000800 
0.001440 
0.001900 
0.002220 
0.002380 
0.002350 
0.002130 
0.001730 
0.001230 
0.000700 
0.000160 
-0.000350 
-0.000840 
-0.001260 
-0.001540 
-0.001600 
-0.001390 
-0.000920 
-0.000310 
0.000320 
0.000890 
0.001300 
0.001490 
0.001380 
0.001000 
0.000410 
-0.000230 
-0.000760 
-0.001090 
-0.001280 
-0.001420 
-0.001570 
-0.001730 
-0.001770 
-0.001580 
-0.001140 
-0.000520 
0.000150 
0.000740 
0.001210 
0.001520 
0.001650 
0.001610 
0.001410 
0.001110 
0.000740 
0.000340 
-0.000040 
-0.000380 
-0.000660 
-0.000860 
-0.000930 
-0.000820 
-0.000490 
0.000040 
0.000670 
0.001240 
0.001650 
0.001860 
0.001880 
0.001740 
0.001430 
0.000980 
0.000450 
-0.000060 
-0.000460 
-0.000720 
-0.000890 
-0.001040 
-0.001200 
-0.001350 
-0.001380 
-0.001210 
-0.000810 
-0.000270 
0.000260 
0.000690 
0.000970 
0.001060 
0.000960 
0.000670 
0.000190 
-0.000400 
-0.000990 
-0.001490 
-0.001850 
-0.002040 
-0.002060 
-0.001900 
-0.001540 
-0.001030 
-0.000450 
0.000070 
0.000460 
0.000750 
0.000990 
0.001220 
0.001420 
0.001480 
0.001340 
0.000990 
0.000510 
0.000020 
-0.000390 
-0.000660 
-0.000810 
-0.000850 
-0.000750 
-0.000500 
-0.000110 
0.000370 
0.000840 
0.001190 
0.001400 
0.001480 
0.001500 
0.001450 
0.001290 
0.000980 
0.000530 
0.000030 
-0.000430 
-0.000760 
-0.000930 
-0.000990 
-0.000940 
-0.000740 
-0.000390 
0.000050 
0.000460 
0.000730 
0.000820 
0.000770 
0.000670 
0.000560 
0.000390 
0.000120 
-0.000290 
-0.000780 
-0.001220 
-0.001510 
-0.001610 
-0.001590 
-0.001470 
-0.001280 
-0.000980 
-0.000560 
-0.000090 
0.000300 
0.000540 
0.000610 
0.000570 
0.000460 
0.000300 
0.000070 
-0.000190 
-0.000460 
-0.000630 
-0.000680 
-0.000610 
-0.000490 
-0.000370 
-0.000250 
-0.000080 
0.000190 
0.000590 
0.001030 
0.001400 
0.001630 
0.001680 
0.001570 
0.001310 
0.000920 
0.000460 
0.000010 
-0.000320 
-0.000460 
-0.000410 
-0.000260 
-0.000120 
-0.000040 
-0.000030 
0.000020 
0.000180 
0.000420 
0.000650 
0.000760 
0.000720 
0.000550 
0.000290 
-0.000080 
-0.000550 
-0.001070 
-0.001550 
-0.001850 
-0.001900 
-0.001720 
-0.001430 
-0.001170 
-0.000980 
-0.000820 
-0.000600 
-0.000290 
0.000060 
0.000330 
0.000430 
0.000340 
0.000120 
-0.000170 
-0.000500 
-0.000820 
-0.001080 
-0.001210 
-0.001160 
-0.000960 
-0.000680 
-0.000390 
-0.000110 
0.000180 
0.000520 
0.000920 
0.001300 
0.001580 
0.001700 
0.001660 
0.001490 
0.001240 
0.000930 
0.000560 
0.000130 
-0.000290 
-0.000620 
-0.000780 
-0.000750 
-0.000580 
-0.000320 
-0.000030 
0.000270 
0.000590 
0.000890 
0.001110 
0.001170 
0.001020 
0.000700 
0.000290 
-0.000140 
-0.000530 
-0.000880 
-0.001180 
-0.001430 
-0.001620 
-0.001730 
-0.001740 
-0.001650 
-0.001450 
-0.001110 
-0.000620 
-0.000050 
0.000460 
0.000760 
0.000760 
0.000500 
0.000090 
-0.000310 
-0.000610 
-0.000810 
-0.000960 
-0.001080 
-0.001150 
-0.001120 
-0.000960 
-0.000690 
-0.000350 
0.000030 
0.000470 
0.000960 
0.001450 
0.001830 
0.001960 
0.001800 
0.001410 
0.000890 
0.000360 
-0.000070 
-0.000350 
-0.000510 
-0.000550 
-0.000500 
-0.000350 
-0.000140 
0.000110 
0.000340 
0.000530 
0.000700 
0.000860 
0.000970 
0.000960 
0.000790 
0.000450 
-0.000000 
-0.000480 
-0.000900 
-0.001240 
-0.001510 
-0.001710 
-0.001830 
-0.001820 
-0.001650 
-0.001360 
-0.000980 
-0.000610 
-0.000290 
-0.000030 
0.000190 
0.000330 
0.000340 
0.000200 
-0.000070 
-0.000400 
-0.000700 
-0.000950 
-0.001140 
-0.001280 
-0.001320 
-0.001200 
-0.000900 
-0.000460 
0.000010 
0.000410 
0.000680 
0.000850 
0.000980 
0.001120 
0.001230 
0.001260 
0.001190 
0.001030 
0.000800 
0.000530 
0.000220 
-0.000160 
-0.000540 
-0.000840 
-0.000930 
-0.000790 
-0.000460 
-0.000050 
0.000330 
0.000640 
0.000870 
0.001020 
0.001080 
0.001030 
0.000840 
0.000520 
0.000130 
-0.000290 
-0.000690 
-0.001090 
-0.001460 
-0.001780 
-0.001980 
-0.001970 
-0.001740 
-0.001350 
-0.000900 
-0.000460 
-0.000050 
0.000310 
0.000610 
0.000800 
0.000820 
0.000630 
0.000290 
-0.000130 
-0.000530 
-0.000880 
-0.001150 
-0.001320 
-0.001370 
-0.001250 
-0.000950 
-0.000500 
0.000020 
0.000570 
0.001110 
0.001630 
0.002090 
0.002390 
0.002450 
0.002230 
0.001800 
0.001260 
0.000710 
0.000210 
-0.000190 
-0.000490 
-0.000660 
-0.000710 
-0.000630 
-0.000470 
-0.000240 
0.000010 
0.000310 
0.000660 
0.001030 
0.001330 
0.001420 
0.001220 
0.000730 
0.000040 
-0.000690 
-0.001350 
-0.001850 
-0.002160 
-0.002300 
-0.002260 
-0.002080 
-0.001820 
-0.001520 
-0.001190 
-0.000850 
-0.000480 
-0.000080 
0.000330 
0.000680 
0.000860 
0.000810 
0.000540 
0.000150 
-0.000250 
-0.000580 
-0.000800 
-0.000910 
-0.000910 
-0.000820 
-0.000620 
-0.000340 
0.000010 
0.000400 
0.000800 
0.001220 
0.001610 
0.001920 
0.002080 
0.002040 
0.001790 
0.001400 
0.000950 
0.000500 
0.000050 
-0.000370 
-0.000730 
-0.000980 
-0.001070 
-0.001000 
-0.000790 
-0.000510 
-0.000180 
0.000140 
0.000440 
0.000640 
0.000700 
0.000550 
0.000230 
-0.000220 
-0.000710 
-0.001170 
-0.001530 
-0.001810 
-0.002000 
-0.002080 
-0.002030 
-0.001850 
-0.001540 
-0.001150 
-0.000730 
-0.000320 
0.000050 
0.000310 
0.000440 
0.000410 
0.000270 
0.000080 
-0.000090 
-0.000190 
-0.000240 
-0.000260 
-0.000310 
-0.000380 
-0.000450 
-0.000400 
-0.000160 
0.000270 
0.000820 
0.001370 
0.001830 
0.002140 
0.002280 
0.002230 
0.001970 
0.001550 
0.001010 
0.000490 
0.000080 
-0.000180 
-0.000310 
-0.000380 
-0.000430 
-0.000470 
-0.000440 
-0.000280 
-0.000000 
0.000350 
0.000650 
0.000850 
0.000900 
0.000790 
0.000530 
0.000130 
-0.000350 
-0.000850 
-0.001290 
-0.001610 
-0.001820 
-0.001930 
-0.001940 
-0.001850 
-0.001630 
-0.001300 
-0.000890 
-0.000480 
-0.000100 
0.000200 
0.000420 
0.000580 
0.000660 
0.000630 
0.000470 
0.000200 
-0.000110 
-0.000370 
-0.000510 
-0.000520 
-0.000400 
-0.000180 
0.000120 
0.000480 
0.000850 
0.001180 
0.001410 
0.001510 
0.001490 
0.001410 
0.001300 
0.001140 
0.000930 
0.000650 
0.000340 
0.000040 
-0.000190 
-0.000330 
-0.000410 
-0.000430 
-0.000400 
-0.000290 
-0.000100 
0.000110 
0.000260 
0.000320 
0.000300 
0.000270 
0.000250 
0.000240 
0.000170 
-0.000000 
-0.000270 
-0.000580 
-0.000840 
-0.001000 
-0.001050 
-0.001020 
-0.000910 
-0.000720 
-0.000430 
-0.000090 
0.000220 
0.000440 
0.000530 
0.000560 
0.000560 
0.000550 
0.000530 
0.000470 
0.000350 
0.000210 
0.000090 
0.000020 
0.000020 
0.000090 
0.000200 
0.000350 
0.000530 
0.000730 
0.000930 
0.001080 
0.001170 
0.001210 
0.001210 
0.001160 
0.001050 
0.000850 
0.000570 
0.000290 
0.000070 
-0.000030 
-0.000060 
-0.000070 
-0.000120 
-0.000170 
-0.000190 
-0.000110 
0.000060 
0.000270 
0.000450 
0.000560 
0.000570 
0.000480 
0.000280 
-0.000060 
-0.000500 
-0.000970 
-0.001340 
-0.001500 
-0.001410 
-0.001120 
-0.000770 
-0.000440 
-0.000160 
0.000070 
0.000280 
0.000460 
0.000620 
0.000720 
0.000780 
0.000800 
0.000730 
0.000530 
0.000190 
-0.000240 
-0.000650 
-0.000900 
-0.000910 
-0.000700 
-0.000380 
-0.000030 
0.000290 
0.000580 
0.000860 
0.001130 
0.001340 
0.001470 
0.001480 
0.001390 
0.001200 
0.000920 
0.000560 
0.000140 
-0.000290 
-0.000640 
-0.000830 
-0.000820 
-0.000640 
-0.000380 
-0.000090 
0.000180 
0.000430 
0.000670 
0.000850 
0.000940 
0.000900 
0.000720 
0.000420 
0.000050 
-0.000370 
-0.000790 
-0.001150 
-0.001370 
-0.001430 
-0.001320 
-0.001080 
-0.000790 
-0.000500 
-0.000230 
0.000050 
0.000370 
0.000680 
0.000920 
0.001010 
0.000910 
0.000700 
0.000460 
0.000240 
0.000040 
-0.000130 
-0.000280 
-0.000370 
-0.000370 
-0.000290 
-0.000150 
-0.000010 
0.000140 
0.000310 
0.000570 
0.000900 
0.001260 
0.001530 
0.001650 
0.001580 
0.001360 
0.001060 
0.000740 
0.000430 
0.000130 
-0.000120 
-0.000300 
-0.000410 
-0.000450 
-0.000450 
-0.000430 
-0.000360 
-0.000230 
-0.000010 
0.000280 
0.000540 
0.000680 
0.000630 
0.000420 
0.000110 
-0.000220 
-0.000510 
-0.000740 
-0.000930 
-0.001080 
-0.001170 
-0.001190 
-0.001130 
-0.001030 
-0.000880 
-0.000690 
-0.000440 
-0.000120 
0.000260 
0.000620 
0.000890 
0.001020 
0.001020 
0.000920 
0.000750 
0.000520 
0.000250 
-0.000020 
-0.000230 
-0.000320 
-0.000260 
-0.000070 
0.000200 
0.000520 
0.000890 
0.001260 
0.001590 
0.001830 
0.001920 
0.001860 
0.001650 
0.001340 
0.000940 
0.000470 
-0.000070 
-0.000610 
-0.001060 
-0.001330 
-0.001360 
-0.001180 
-0.000880 
-0.000560 
-0.000280 
-0.000070 
0.000080 
0.000180 
0.000210 
0.000150 
0.000030 
-0.000120 
-0.000270 
-0.000400 
-0.000530 
-0.000690 
-0.000890 
-0.001070 
-0.001170 
-0.001110 
-0.000900 
-0.000570 
-0.000190 
0.000180 
0.000520 
0.000840 
0.001100 
0.001290 
0.001390 
0.001400 
0.001340 
0.001230 
0.001030 
0.000750 
0.000420 
0.000110 
-0.000100 
-0.000160 
-0.000050 
0.000170 
0.000420 
0.000630 
0.000800 
0.000940 
0.001050 
0.001100 
0.001060 
0.000900 
0.000630 
0.000300 
-0.000070 
-0.000440 
-0.000780 
-0.001060 
-0.001240 
-0.001310 
-0.001270 
-0.001180 
-0.001050 
-0.000900 
-0.000730 
-0.000540 
-0.000360 
-0.000190 
-0.000100 
-0.000080 
-0.000130 
-0.000250 
-0.000420 
-0.000610 
-0.000820 
-0.001020 
-0.001140 
-0.001160 
-0.001060 
-0.000880 
-0.000670 
-0.000470 
-0.000260 
0.000010 
0.000370 
0.000780 
0.001160 
0.001380 
0.001370 
0.001120 
0.000730 
0.000300 
-0.000070 
-0.000340 
-0.000500 
-0.000530 
-0.000450 
-0.000270 
-0.000050 
0.000150 
0.000310 
0.000430 
0.000520 
0.000620 
0.000690 
0.000690 
0.000580 
0.000350 
0.000030 
-0.000330 
-0.000670 
-0.000940 
-0.001120 
-0.001200 
-0.001170 
-0.001060 
-0.000920 
-0.000800 
-0.000750 
-0.000750 
-0.000750 
-0.000710 
-0.000630 
-0.000530 
-0.000470 
-0.000480 
-0.000540 
-0.000600 
-0.000650 
-0.000650 
-0.000600 
-0.000520 
-0.000450 
-0.000380 
-0.000310 
-0.000240 
-0.000140 
-0.000010 
0.000150 
0.000310 
0.000450 
0.000560 
0.000620 
0.000630 
0.000590 
0.000550 
0.000530 
0.000520 
0.000520 
0.000510 
0.000510 
0.000540 
0.000600 
0.000690 
0.000750 
0.000770 
0.000720 
0.000650 
0.000560 
0.000450 
0.000280 
0.000030 
-0.000290 
-0.000590 
-0.000770 
-0.000800 
-0.000690 
-0.000550 
-0.000480 
-0.000510 
