0.014470 
0.011650 
0.006630 
0.000480 
-0.005570 
-0.010390 
-0.013200 
-0.013770 
-0.012410 
-0.009920 
-0.007340 
-0.005620 
-0.005250 
-0.006120 
-0.007550 
-0.008510 
-0.007990 
-0.005330 
-0.000510 
0.005760 
0.012190 
0.017330 
0.019880 
0.019050 
0.014810 
0.007990 
0.000140 
-0.006870 
-0.011420 
-0.012530 
-0.010210 
-0.005420 
0.000330 
0.005440 
0.008760 
0.009790 
0.008810 
0.006730 
0.004760 
0.004030 
0.005190 
0.008170 
0.012190 
0.015950 
0.018040 
0.017400 
0.013640 
0.007150 
-0.001000 
-0.009340 
-0.016310 
-0.020730 
-0.022000 
-0.020200 
-0.016020 
-0.010610 
-0.005280 
-0.001180 
0.001050 
0.001430 
0.000610 
-0.000360 
-0.000520 
0.000540 
0.002460 
0.004320 
0.005000 
0.003700 
0.000260 
-0.004730 
-0.010180 
-0.014800 
-0.017440 
-0.017300 
-0.014210 
-0.008650 
-0.001620 
0.005560 
0.011580 
0.015430 
0.016600 
0.015290 
0.012310 
0.008790 
0.005840 
0.004230 
0.004120 
0.005140 
0.006530 
0.007520 
0.007520 
0.006330 
0.004210 
0.001790 
-0.000110 
-0.000820 
-0.000080 
0.001910 
0.004540 
0.006960 
0.008410 
0.008400 
0.006760 
0.003730 
-0.000140 
-0.004070 
-0.007270 
-0.009140 
-0.009430 
-0.008370 
-0.006580 
-0.004910 
-0.004180 
-0.004950 
-0.007230 
-0.010500 
-0.013810 
-0.016110 
-0.016530 
-0.014670 
-0.010640 
-0.005090 
0.000960 
0.006240 
0.009530 
0.010030 
0.007590 
0.002820 
-0.003080 
-0.008680 
-0.012670 
-0.014210 
-0.013080 
-0.009610 
-0.004520 
0.001350 
0.007170 
0.012310 
0.016380 
0.019220 
0.020820 
0.021320 
0.020900 
0.019700 
0.017720 
0.014820 
0.010870 
0.005920 
0.000350 
-0.005150 
-0.009640 
-0.012230 
-0.012340 
-0.009780 
-0.004880 
0.001580 
0.008460 
0.014430 
0.018340 
0.019390 
0.017330 
0.012530 
0.005810 
-0.001710 
-0.008960 
-0.015070 
-0.019520 
-0.022180 
-0.023240 
-0.023070 
-0.022090 
-0.020620 
-0.018810 
-0.016530 
-0.013530 
-0.009500 
-0.004400 
0.001440 
0.007280 
0.012100 
0.014910 
0.015100 
0.012620 
0.008010 
0.002180 
-0.003770 
-0.008840 
-0.012250 
-0.013590 
-0.012820 
-0.010270 
-0.006540 
-0.002330 
0.001770 
0.005340 
0.008270 
0.010650 
0.012670 
0.014480 
0.016000 
0.016960 
0.017000 
0.015830 
0.013320 
0.009650 
0.005260 
0.000810 
-0.002980 
-0.005440 
-0.006180 
-0.005190 
-0.002880 
0.000080 
0.002860 
0.004740 
0.005280 
0.004430 
0.002460 
-0.000150 
-0.002840 
-0.005090 
-0.006560 
-0.007120 
-0.006980 
-0.006520 
-0.006230 
-0.006460 
-0.007340 
-0.008610 
-0.009700 
-0.009980 
-0.008960 
-0.006540 
-0.003030 
0.000910 
0.004510 
0.007120 
0.008340 
0.008050 
0.006450 
0.004040 
0.001480 
-0.000580 
-0.001650 
-0.001490 
-0.000270 
0.001580 
0.003530 
0.005150 
0.006250 
0.006860 
0.007190 
0.007500 
0.007950 
0.008600 
0.009330 
0.009910 
0.009960 
0.009110 
0.007110 
0.004020 
0.000220 
-0.003640 
-0.006710 
-0.008240 
-0.007790 
-0.005430 
-0.001680 
0.002630 
0.006590 
0.009340 
0.010290 
0.009150 
0.005970 
0.001180 
-0.004470 
-0.010070 
-0.014770 
-0.017940 
-0.019280 
-0.018860 
-0.017030 
-0.014320 
-0.011290 
-0.008410 
-0.005990 
-0.004170 
-0.002950 
-0.002230 
-0.001830 
-0.001570 
-0.001290 
-0.000880 
-0.000290 
0.000540 
0.001750 
0.003470 
0.005760 
0.008570 
0.011630 
0.014500 
0.016630 
0.017480 
0.016600 
0.013720 
0.008790 
0.002140 
-0.005460 
-0.012820 
-0.018490 
-0.021050 
-0.019520 
-0.013720 
-0.004370 
0.007000 
0.018480 
0.028160 
0.034510 
0.036640 
0.034270 
0.027720 
0.017770 
0.005580 
-0.007430 
-0.019810 
-0.030240 
-0.037750 
-0.041730 
-0.041980 
-0.038670 
-0.032260 
-0.023420 
-0.013030 
-0.002100 
0.008250 
0.016910 
0.022860 
0.025360 
0.024020 
0.018980 
0.010940 
0.001060 
-0.009200 
-0.018310 
-0.024940 
-0.028210 
-0.027760 
-0.023870 
-0.017230 
-0.008790 
0.000450 
0.009570 
0.017760 
0.024370 
0.028970 
0.031340 
0.031510 
0.029640 
0.025980 
0.020840 
0.014660 
0.008000 
0.001550 
-0.003980 
-0.007860 
-0.009550 
-0.008830 
-0.005890 
-0.001290 
0.004140 
0.009480 
0.013890 
0.016740 
0.017640 
0.016470 
0.013440 
0.009020 
0.003830 
-0.001580 
-0.006870 
-0.011930 
-0.016810 
-0.021530 
-0.025910 
-0.029490 
-0.031690 
-0.031990 
-0.030010 
-0.025690 
-0.019230 
-0.011210 
-0.002430 
0.006100 
0.013300 
0.018180 
0.020010 
0.018520 
0.014000 
0.007240 
-0.000610 
-0.008270 
-0.014630 
-0.018880 
-0.020600 
-0.019670 
-0.016290 
-0.010800 
-0.003640 
0.004710 
0.013680 
0.022600 
0.030680 
0.037020 
0.040690 
0.040960 
0.037530 
0.030620 
0.020990 
0.009790 
-0.001600 
-0.011790 
-0.019550 
-0.023940 
-0.024470 
-0.021140 
-0.014550 
-0.005830 
0.003510 
0.011840 
0.017810 
0.020590 
0.020010 
0.016440 
0.010550 
0.003110 
-0.005120 
-0.013390 
-0.020940 
-0.026990 
-0.030840 
-0.032000 
-0.030360 
-0.026160 
-0.019960 
-0.012540 
-0.004720 
0.002670 
0.008860 
0.013120 
0.014930 
0.014070 
0.010740 
0.005570 
-0.000460 
-0.006170 
-0.010450 
-0.012490 
-0.011920 
-0.008870 
-0.003960 
0.001900 
0.007690 
0.012540 
0.015850 
0.017400 
0.017290 
0.015880 
0.013600 
0.010870 
0.008120 
0.005740 
0.003980 
0.002900 
0.002300 
0.001870 
0.001290 
0.000380 
-0.000810 
-0.002080 
-0.003280 
-0.004330 
-0.005300 
-0.006310 
-0.007460 
-0.008720 
-0.009870 
-0.010640 
-0.010880 
-0.010610 
-0.010010 
-0.009270 
-0.008540 
-0.007840 
-0.007140 
-0.006500 
-0.006090 
-0.006070 
-0.006450 
-0.007060 
-0.007590 
-0.007720 
-0.007230 
-0.006060 
-0.004260 
-0.001920 
0.000840 
0.003910 
0.007140 
0.010340 
0.013330 
0.015860 
0.017710 
0.018720 
0.018840 
0.018070 
0.016460 
0.014090 
0.011160 
0.007950 
0.004880 
0.002400 
0.000830 
0.000330 
0.000850 
0.002260 
0.004320 
0.006630 
0.008660 
0.009870 
0.009820 
0.008350 
0.005630 
0.002090 
-0.001740 
-0.005430 
-0.008680 
-0.011330 
-0.013320 
-0.014670 
-0.015440 
-0.015730 
-0.015670 
-0.015450 
-0.015210 
-0.014990 
-0.014730 
-0.014270 
-0.013460 
-0.012160 
-0.010410 
-0.008310 
-0.006010 
-0.003630 
-0.001280 
0.000930 
0.002840 
0.004280 
0.005140 
0.005380 
0.005100 
0.004420 
0.003500 
0.002490 
0.001640 
0.001260 
0.001700 
0.003230 
0.005930 
0.009660 
0.014050 
0.018590 
0.022690 
0.025790 
0.027410 
0.027260 
0.025190 
0.021250 
0.015720 
0.009180 
0.002410 
-0.003750 
-0.008630 
-0.011820 
-0.013220 
-0.012880 
-0.010990 
-0.007810 
-0.003740 
0.000650 
0.004620 
0.007450 
0.008480 
0.007310 
0.003860 
-0.001590 
-0.008450 
-0.015920 
-0.023060 
-0.028900 
-0.032590 
-0.033520 
-0.031440 
-0.026500 
-0.019330 
-0.010870 
-0.002240 
0.005440 
0.011250 
0.014590 
0.015210 
0.013330 
0.009480 
0.004510 
-0.000640 
-0.005140 
-0.008440 
-0.010220 
-0.010340 
-0.008790 
-0.005690 
-0.001320 
0.003850 
0.009170 
0.013960 
0.017670 
0.019980 
0.020770 
0.020080 
0.018030 
0.014810 
0.010690 
0.006080 
0.001560 
-0.002210 
-0.004640 
-0.005400 
-0.004540 
-0.002500 
0.000010 
0.002230 
0.003590 
0.003820 
0.002930 
0.001180 
-0.001030 
-0.003230 
-0.005020 
-0.006090 
-0.006350 
-0.005910 
-0.005020 
-0.004040 
-0.003250 
-0.002880 
-0.003010 
-0.003640 
-0.004560 
-0.005500 
-0.006170 
-0.006320 
-0.005850 
-0.004850 
-0.003570 
-0.002350 
-0.001430 
-0.000960 
-0.000910 
-0.001130 
-0.001490 
-0.001910 
-0.002430 
-0.003110 
-0.003850 
-0.004470 
-0.004670 
-0.004120 
-0.002640 
-0.000210 
0.003040 
0.006840 
0.010860 
0.014680 
0.017730 
0.019390 
0.019110 
0.016500 
0.011620 
0.004980 
-0.002500 
-0.009660 
-0.015410 
-0.018890 
-0.019660 
-0.017710 
-0.013360 
-0.007210 
0.000000 
0.007460 
0.014330 
0.019890 
0.023480 
0.024600 
0.022970 
0.018620 
0.011920 
0.003550 
-0.005490 
-0.014080 
-0.021090 
-0.025630 
-0.027120 
-0.025350 
-0.020520 
-0.013230 
-0.004370 
0.004900 
0.013300 
0.019650 
0.023160 
0.023520 
0.020960 
0.016060 
0.009630 
0.002550 
-0.004400 
-0.010570 
-0.015460 
-0.018710 
-0.020170 
-0.019780 
-0.017610 
-0.013840 
-0.008770 
-0.002810 
0.003560 
0.009730 
0.015030 
0.018820 
0.020570 
0.020040 
0.017320 
0.012770 
0.007020 
0.000770 
-0.005230 
-0.010290 
-0.013770 
-0.015240 
-0.014640 
-0.012310 
-0.008940 
-0.005300 
-0.002050 
0.000510 
0.002470 
0.004140 
0.005870 
0.007880 
0.010070 
0.012050 
0.013190 
0.012830 
0.010480 
0.005940 
-0.000570 
-0.008390 
-0.016380 
-0.023180 
-0.027470 
-0.028340 
-0.025540 
-0.019560 
-0.011520 
-0.002870 
0.004980 
0.010980 
0.014590 
0.015770 
0.014940 
0.012690 
0.009670 
0.006330 
0.002900 
-0.000580 
-0.004110 
-0.007600 
-0.010740 
-0.013080 
-0.014080 
-0.013270 
-0.010370 
-0.005440 
0.001140 
0.008590 
0.015920 
0.022020 
0.025880 
0.026800 
0.024590 
0.019690 
0.013110 
0.006150 
0.000020 
-0.004400 
-0.006720 
-0.007110 
-0.006020 
-0.004030 
-0.001580 
0.000950 
0.003280 
0.005140 
0.006330 
0.006680 
0.006120 
0.004650 
0.002360 
-0.000650 
-0.004240 
-0.008180 
-0.012180 
-0.015830 
-0.018670 
-0.020270 
-0.020330 
-0.018790 
-0.015800 
-0.011700 
-0.007000 
-0.002310 
0.001770 
0.004760 
0.006430 
0.006800 
0.006130 
0.004740 
0.002920 
0.000800 
-0.001520 
-0.003940 
-0.006250 
-0.008110 
-0.009050 
-0.008660 
-0.006780 
-0.003560 
0.000640 
0.005310 
0.010010 
0.014310 
0.017850 
0.020320 
0.021440 
0.021100 
0.019360 
0.016560 
0.013210 
0.009860 
0.007000 
0.004940 
0.003710 
0.003070 
0.002670 
0.002140 
0.001260 
-0.000040 
-0.001590 
-0.003100 
-0.004210 
-0.004670 
-0.004380 
-0.003470 
-0.002200 
-0.000950 
-0.000050 
0.000210 
-0.000350 
-0.001790 
-0.004020 
-0.006760 
-0.009600 
-0.012050 
-0.013740 
-0.014510 
-0.014460 
-0.013890 
-0.013140 
-0.012450 
-0.011860 
-0.011240 
-0.010370 
-0.009080 
-0.007360 
-0.005320 
-0.003080 
-0.000750 
0.001570 
0.003770 
0.005710 
0.007240 
0.008240 
0.008690 
0.008660 
0.008300 
0.007800 
0.007310 
0.006920 
0.006600 
0.006290 
0.005900 
0.005380 
0.004730 
0.004040 
0.003490 
0.003310 
0.003690 
0.004720 
0.006290 
0.008070 
0.009620 
0.010480 
0.010290 
0.008890 
0.006300 
0.002790 
-0.001240 
-0.005290 
-0.008830 
-0.011370 
-0.012610 
-0.012490 
-0.011240 
-0.009310 
-0.007190 
-0.005310 
-0.003890 
-0.002970 
-0.002450 
-0.002260 
-0.002330 
-0.002660 
-0.003260 
-0.004100 
-0.005120 
-0.006200 
-0.007230 
-0.008100 
-0.008620 
-0.008510 
-0.007470 
-0.005310 
-0.002050 
0.001990 
0.006260 
0.010100 
0.012950 
0.014430 
0.014410 
0.012960 
0.010390 
0.007140 
0.003710 
0.000570 
-0.001930 
-0.003580 
-0.004370 
-0.004420 
-0.003890 
-0.002910 
-0.001530 
0.000240 
0.002410 
0.004920 
0.007540 
0.009900 
0.011540 
0.011970 
0.010800 
0.007790 
0.003050 
-0.002930 
-0.009350 
-0.015220 
-0.019600 
-0.021850 
-0.021730 
-0.019420 
-0.015380 
-0.010270 
-0.004740 
0.000580 
0.005180 
0.008660 
0.010740 
0.011400 
0.010800 
0.009290 
0.007210 
0.004770 
0.002060 
-0.000920 
-0.004050 
-0.006970 
-0.009130 
-0.009940 
-0.008960 
-0.006080 
-0.001570 
0.004060 
0.010080 
0.015760 
0.020400 
0.023370 
0.024240 
0.022860 
0.019420 
0.014450 
0.008700 
0.003000 
-0.001950 
-0.005680 
-0.007990 
-0.008880 
-0.008490 
-0.007060 
-0.004840 
-0.002110 
0.000760 
0.003320 
0.005090 
0.005610 
0.004520 
0.001680 
-0.002720 
-0.008150 
-0.013850 
-0.018910 
-0.022540 
-0.024220 
-0.023850 
-0.021660 
-0.018100 
-0.013750 
-0.009120 
-0.004670 
-0.000730 
0.002440 
0.004700 
0.006030 
0.006500 
0.006210 
0.005220 
0.003540 
0.001170 
-0.001780 
-0.005010 
-0.007980 
-0.009960 
-0.010270 
-0.008440 
-0.004400 
0.001480 
0.008440 
0.015550 
0.021850 
0.026520 
0.028970 
0.028940 
0.026540 
0.022250 
0.016840 
0.011110 
0.005750 
0.001240 
-0.002220 
-0.004570 
-0.005830 
-0.006050 
-0.005330 
-0.003830 
-0.001790 
0.000460 
0.002580 
0.004280 
0.005360 
0.005670 
0.005050 
0.003370 
0.000580 
-0.003220 
-0.007710 
-0.012390 
-0.016690 
-0.020130 
-0.022370 
-0.023230 
-0.022730 
-0.020990 
-0.018310 
-0.015010 
-0.011430 
-0.007900 
-0.004600 
-0.001630 
0.000960 
0.003060 
0.004460 
0.004910 
0.004210 
0.002380 
-0.000380 
-0.003620 
-0.006810 
-0.009410 
-0.010940 
-0.011010 
-0.009300 
-0.005700 
-0.000300 
0.006460 
0.013780 
0.020620 
0.025890 
0.028760 
0.028810 
0.026140 
0.021270 
0.015000 
0.008130 
0.001490 
-0.004220 
-0.008410 
-0.010750 
-0.011190 
-0.009930 
-0.007300 
-0.003690 
0.000530 
0.004940 
0.009050 
0.012290 
0.014100 
0.014060 
0.011960 
0.007870 
0.002180 
-0.004440 
-0.011120 
-0.016950 
-0.021080 
-0.022870 
-0.022050 
-0.018800 
-0.013720 
-0.007760 
-0.001980 
0.002730 
0.005820 
0.007190 
0.007180 
0.006310 
0.005140 
0.004080 
0.003330 
0.002870 
0.002530 
0.002050 
0.001170 
-0.000240 
-0.002050 
-0.003800 
-0.004850 
-0.004650 
-0.002920 
0.000210 
0.004260 
0.008530 
0.012240 
0.014700 
0.015450 
0.014350 
0.011670 
0.007950 
0.003890 
0.000180 
-0.002580 
-0.004070 
-0.004350 
-0.003830 
-0.003140 
-0.002840 
-0.003230 
-0.004240 
-0.005530 
-0.006670 
-0.007310 
-0.007280 
-0.006600 
-0.005440 
-0.004090 
-0.002870 
-0.002040 
-0.001750 
-0.002020 
-0.002670 
-0.003440 
-0.004090 
-0.004430 
-0.004370 
-0.003940 
-0.003260 
-0.002470 
-0.001730 
-0.001090 
-0.000530 
0.000110 
0.001040 
0.002440 
0.004320 
0.006520 
0.008660 
0.010270 
0.010910 
0.010390 
0.008850 
0.006710 
0.004520 
0.002730 
0.001610 
0.001250 
0.001590 
0.002510 
0.003800 
0.005130 
0.006040 
0.006140 
0.005240 
0.003430 
0.001070 
-0.001380 
-0.003460 
-0.004920 
-0.005790 
-0.006290 
-0.006740 
-0.007330 
-0.008070 
-0.008780 
-0.009270 
-0.009400 
-0.009130 
-0.008500 
-0.007600 
-0.006580 
-0.005620 
-0.004960 
-0.004750 
-0.005040 
-0.005710 
-0.006520 
-0.007150 
-0.007310 
-0.006790 
-0.005490 
-0.003520 
-0.001150 
0.001270 
0.003320 
0.004690 
0.005230 
0.005060 
0.004540 
0.004120 
0.004160 
0.004810 
0.005950 
0.007250 
0.008380 
0.009170 
0.009590 
0.009750 
0.009750 
0.009610 
0.009280 
0.008670 
0.007800 
0.006710 
0.005470 
0.004100 
0.002550 
0.000800 
-0.001070 
-0.002850 
-0.004290 
-0.005110 
-0.005110 
-0.004240 
-0.002650 
-0.000650 
0.001350 
0.002900 
0.003640 
0.003340 
0.001980 
-0.000280 
-0.003110 
-0.006100 
-0.008880 
-0.011190 
-0.012860 
-0.013780 
-0.013840 
-0.012920 
-0.010970 
-0.008080 
-0.004580 
-0.000940 
0.002440 
0.005230 
0.007260 
0.008430 
0.008660 
0.007840 
0.005940 
0.003060 
-0.000400 
-0.003820 
-0.006490 
-0.007780 
-0.007400 
-0.005440 
-0.002330 
0.001370 
0.005170 
0.008660 
0.011540 
0.013620 
0.014760 
0.014920 
0.014130 
0.012490 
0.010140 
0.007220 
0.003920 
0.000510 
-0.002750 
-0.005630 
-0.007960 
-0.009610 
-0.010470 
-0.010460 
-0.009480 
-0.007530 
-0.004750 
-0.001500 
0.001720 
0.004340 
0.005870 
0.006070 
0.005010 
0.003000 
0.000470 
-0.002210 
-0.004800 
-0.007130 
-0.009110 
-0.010590 
-0.011420 
-0.011470 
-0.010720 
-0.009230 
-0.007090 
-0.004380 
-0.001200 
0.002280 
0.005810 
0.009020 
0.011530 
0.012960 
0.013060 
0.011730 
0.009060 
0.005410 
0.001280 
-0.002740 
-0.006100 
-0.008360 
-0.009250 
-0.008690 
-0.006820 
-0.004010 
-0.000660 
0.002860 
0.006200 
0.009070 
0.011160 
0.012210 
0.012020 
0.010590 
0.008140 
0.005010 
0.001490 
-0.002140 
-0.005650 
-0.008820 
-0.011390 
-0.013050 
-0.013500 
-0.012590 
-0.010380 
-0.007140 
-0.003330 
0.000550 
0.004000 
0.006650 
0.008220 
0.008460 
0.007210 
0.004520 
0.000720 
-0.003580 
-0.007620 
-0.010670 
-0.012280 
-0.012280 
-0.010780 
-0.008060 
-0.004490 
-0.000460 
0.003610 
0.007370 
0.010490 
0.012690 
0.013800 
0.013740 
0.012570 
0.010480 
0.007760 
0.004760 
0.001840 
-0.000710 
-0.002630 
-0.003750 
-0.003960 
-0.003240 
-0.001690 
0.000520 
0.003110 
0.005700 
0.007830 
0.009140 
0.009390 
0.008580 
0.006900 
0.004700 
0.002240 
-0.000340 
-0.002980 
-0.005660 
-0.008270 
-0.010620 
-0.012420 
-0.013440 
-0.013540 
-0.012730 
-0.011100 
-0.008890 
-0.006340 
-0.003750 
-0.001420 
0.000360 
0.001340 
0.001420 
0.000670 
-0.000680 
-0.002320 
-0.003900 
-0.005160 
-0.005970 
-0.006250 
-0.005930 
-0.004970 
-0.003400 
-0.001350 
0.001010 
0.003490 
0.006000 
0.008450 
0.010810 
0.012890 
0.014450 
0.015200 
0.014980 
0.013800 
0.011790 
0.009240 
0.006500 
0.003950 
0.001900 
0.000560 
0.000030 
0.000290 
0.001220 
0.002590 
0.004090 
0.005370 
0.006140 
0.006310 
0.005930 
0.005080 
0.003850 
0.002240 
0.000260 
-0.002060 
-0.004610 
-0.007210 
-0.009660 
-0.011780 
-0.013420 
-0.014410 
-0.014630 
-0.014040 
-0.012700 
-0.010800 
-0.008620 
-0.006470 
-0.004700 
-0.003550 
-0.003150 
-0.003480 
-0.004350 
-0.005530 
-0.006790 
-0.007940 
-0.008770 
-0.009060 
-0.008670 
-0.007600 
-0.005940 
-0.003800 
-0.001280 
0.001560 
0.004650 
0.007770 
0.010640 
0.012920 
0.014350 
0.014790 
0.014280 
0.012960 
0.011120 
0.009090 
0.007200 
0.005760 
0.004940 
0.004830 
0.005320 
0.006160 
0.007040 
0.007660 
0.007810 
0.007480 
0.006820 
0.006040 
0.005230 
0.004410 
0.003480 
0.002350 
0.000980 
-0.000600 
-0.002330 
-0.004130 
-0.005870 
-0.007350 
-0.008380 
-0.008810 
-0.008670 
-0.008130 
-0.007400 
-0.006740 
-0.006320 
-0.006200 
-0.006300 
-0.006480 
-0.006590 
-0.006490 
-0.006130 
-0.005540 
-0.004730 
-0.003770 
-0.002760 
-0.001860 
-0.001260 
-0.001030 
-0.001050 
-0.001090 
-0.000830 
-0.000080 
0.001200 
0.002820 
0.004500 
0.005970 
0.007020 
0.007600 
0.007730 
0.007540 
0.007140 
0.006630 
0.006040 
0.005420 
0.004740 
0.004000 
0.003200 
0.002330 
0.001410 
0.000460 
-0.000470 
-0.001250 
-0.001790 
-0.002000 
-0.001840 
-0.001350 
-0.000690 
-0.000110 
0.000120 
-0.000220 
-0.001200 
-0.002650 
-0.004220 
-0.005540 
-0.006320 
-0.006530 
-0.006280 
-0.005820 
-0.005330 
-0.004910 
-0.004560 
-0.004230 
-0.003910 
-0.003610 
-0.003290 
-0.002890 
-0.002280 
-0.001370 
-0.000160 
0.001230 
0.002520 
0.003450 
0.003870 
0.003780 
0.003330 
0.002740 
0.002230 
0.002000 
0.002100 
0.002550 
0.003330 
0.004310 
0.005300 
0.006110 
0.006570 
0.006630 
0.006350 
0.005880 
0.005400 
0.005000 
0.004640 
0.004270 
0.003820 
0.003250 
0.002490 
0.001510 
0.000260 
-0.001280 
-0.003000 
-0.004730 
-0.006210 
-0.007250 
-0.007780 
-0.007820 
-0.007490 
-0.006950 
-0.006320 
-0.005700 
-0.005130 
-0.004650 
-0.004270 
-0.004020 
-0.003930 
-0.004000 
-0.004210 
-0.004500 
-0.004840 
-0.005200 
-0.005510 
-0.005660 
-0.005510 
-0.004930 
-0.003830 
-0.002200 
-0.000160 
0.002140 
0.004450 
0.006530 
0.008110 
0.008980 
0.009020 
0.008310 
0.007050 
0.005550 
0.004080 
0.002830 
0.001870 
0.001260 
0.001080 
0.001400 
0.002270 
0.003650 
0.005420 
0.007360 
0.009190 
0.010600 
0.011310 
0.011180 
0.010150 
0.008250 
0.005560 
0.002270 
-0.001340 
-0.004820 
-0.007720 
-0.009750 
-0.010820 
-0.011030 
-0.010610 
-0.009710 
-0.008460 
-0.006970 
-0.005370 
-0.003860 
-0.002640 
-0.001810 
-0.001420 
-0.001450 
-0.001880 
-0.002670 
-0.003880 
-0.005520 
-0.007500 
-0.009520 
-0.011110 
-0.011830 
-0.011400 
-0.009830 
-0.007410 
-0.004530 
-0.001560 
0.001220 
0.003620 
0.005500 
0.006790 
0.007470 
0.007590 
0.007290 
0.006730 
0.006070 
0.005420 
0.004820 
0.004240 
0.003630 
0.003000 
0.002400 
0.001980 
0.001870 
0.002210 
0.003050 
0.004330 
0.005900 
0.007510 
0.008870 
0.009670 
0.009740 
0.009010 
0.007590 
0.005610 
0.003250 
0.000650 
-0.002020 
-0.004570 
-0.006760 
-0.008370 
-0.009250 
-0.009390 
-0.008890 
-0.007940 
-0.006700 
-0.005300 
-0.003860 
-0.002490 
-0.001340 
-0.000590 
-0.000410 
-0.000910 
-0.002080 
-0.003790 
-0.005820 
-0.007900 
-0.009740 
-0.011040 
-0.011570 
-0.011140 
-0.009670 
-0.007250 
-0.004170 
-0.000800 
0.002470 
0.005370 
0.007680 
0.009260 
0.009970 
0.009710 
0.008450 
0.006370 
0.003840 
0.001330 
-0.000660 
-0.001790 
-0.001850 
-0.000880 
0.000960 
0.003440 
0.006290 
0.009200 
0.011800 
0.013730 
0.014680 
0.014430 
0.013000 
0.010590 
0.007550 
0.004190 
0.000780 
-0.002420 
-0.005140 
-0.007180 
-0.008410 
-0.008820 
-0.008530 
-0.007720 
-0.006590 
-0.005290 
-0.003920 
-0.002570 
-0.001320 
-0.000260 
0.000470 
0.000740 
0.000420 
-0.000510 
-0.001970 
-0.003860 
-0.006000 
-0.008120 
-0.009920 
-0.011070 
-0.011280 
-0.010460 
-0.008690 
-0.006250 
-0.003440 
-0.000590 
0.002040 
0.004200 
0.005680 
0.006360 
0.006270 
0.005570 
0.004580 
0.003570 
0.002750 
0.002170 
0.001810 
0.001590 
0.001420 
0.001300 
0.001290 
0.001480 
0.001940 
0.002640 
0.003550 
0.004610 
0.005780 
0.007010 
0.008180 
0.009050 
0.009320 
0.008810 
0.007500 
0.005550 
0.003180 
0.000620 
-0.001930 
-0.004260 
-0.006170 
-0.007460 
-0.007990 
-0.007720 
-0.006710 
-0.005160 
-0.003340 
-0.001560 
-0.000110 
0.000830 
0.001150 
0.000850 
-0.000060 
-0.001500 
-0.003300 
-0.005180 
-0.006820 
-0.007930 
-0.008370 
-0.008170 
-0.007440 
-0.006230 
-0.004610 
-0.002690 
-0.000670 
0.001200 
0.002700 
0.003680 
0.004140 
0.004170 
0.003860 
0.003300 
0.002590 
0.001820 
0.001160 
0.000760 
0.000780 
0.001280 
0.002160 
0.003140 
0.003950 
0.004400 
0.004410 
0.004060 
0.003450 
0.002630 
0.001570 
0.000280 
-0.001140 
-0.002510 
-0.003650 
-0.004440 
-0.004800 
-0.004740 
-0.004270 
-0.003450 
-0.002350 
-0.001090 
0.000180 
0.001310 
0.002170 
0.002650 
0.002690 
0.002230 
0.001220 
-0.000280 
-0.002140 
-0.004040 
-0.005610 
-0.006460 
-0.006340 
-0.005190 
-0.003120 
-0.000450 
0.002460 
0.005200 
0.007440 
0.008880 
0.009320 
0.008680 
0.007080 
0.004860 
0.002540 
0.000700 
-0.000270 
-0.000260 
0.000570 
0.001880 
0.003310 
0.004560 
0.005430 
0.005810 
0.005640 
0.004910 
0.003690 
0.002190 
0.000670 
-0.000570 
-0.001310 
-0.001540 
-0.001410 
-0.001200 
-0.001150 
-0.001430 
-0.002050 
-0.002890 
-0.003740 
-0.004450 
-0.004890 
-0.005010 
-0.004800 
-0.004380 
-0.003950 
-0.003740 
-0.003880 
-0.004390 
-0.005170 
-0.006020 
-0.006770 
-0.007290 
-0.007470 
-0.007180 
-0.006320 
-0.004910 
-0.003110 
-0.001200 
0.000560 
0.001960 
0.002920 
0.003530 
0.003960 
0.004340 
0.004700 
0.004940 
0.004880 
0.004400 
0.003560 
0.002550 
0.001660 
0.001050 
0.000790 
0.000810 
0.000980 
0.001180 
0.001330 
0.001390 
0.001360 
0.001240 
0.001060 
0.000900 
0.000800 
0.000790 
0.000850 
0.000920 
0.000910 
0.000720 
0.000210 
-0.000670 
-0.001930 
-0.003480 
-0.005110 
-0.006470 
-0.007240 
-0.007160 
-0.006150 
-0.004330 
-0.002050 
0.000250 
0.002190 
0.003610 
0.004520 
0.005050 
0.005280 
0.005240 
0.004890 
0.004250 
0.003430 
0.002550 
0.001710 
0.000910 
0.000180 
-0.000450 
-0.000840 
-0.000760 
0.000020 
0.001620 
0.003940 
0.006580 
0.008980 
0.010540 
0.010850 
0.009740 
0.007330 
0.003850 
-0.000370 
-0.004910 
-0.009260 
-0.012940 
-0.015540 
-0.016810 
-0.016680 
-0.015220 
-0.012680 
-0.009390 
-0.005740 
-0.002190 
0.000810 
0.002910 
0.003900 
0.003710 
0.002410 
0.000200 
-0.002660 
-0.005880 
-0.009160 
-0.012130 
-0.014340 
-0.015340 
-0.014790 
-0.012610 
-0.009000 
-0.004420 
0.000550 
0.005360 
0.009590 
0.012960 
0.015290 
0.016470 
0.016540 
0.015680 
0.014210 
0.012480 
0.010820 
0.009410 
0.008330 
0.007510 
0.006800 
0.006060 
0.005210 
0.004310 
0.003520 
0.003040 
0.003040 
0.003590 
0.004640 
0.005970 
0.007270 
0.008130 
0.008190 
0.007230 
0.005240 
0.002410 
-0.001040 
-0.004840 
-0.008730 
-0.012390 
-0.015470 
-0.017570 
-0.018440 
-0.018000 
-0.016420 
-0.013980 
-0.011040 
-0.007890 
-0.004810 
-0.002010 
0.000300 
0.001850 
0.002410 
0.001800 
0.000090 
-0.002490 
-0.005490 
-0.008410 
-0.010790 
-0.012260 
-0.012570 
-0.011550 
-0.009140 
-0.005470 
-0.000890 
0.004080 
0.008860 
0.012900 
0.015810 
0.017430 
0.017770 
0.016990 
0.015330 
0.013060 
0.010460 
0.007740 
0.005100 
0.002730 
0.000850 
-0.000340 
-0.000610 
0.000170 
0.002020 
0.004690 
0.007720 
0.010490 
0.012400 
0.012990 
0.012080 
0.009740 
0.006230 
0.001890 
-0.002820 
-0.007390 
-0.011280 
-0.014040 
-0.015390 
-0.015320 
-0.014110 
-0.012190 
-0.010000 
-0.007890 
-0.006030 
-0.004460 
-0.003200 
-0.002240 
-0.001690 
-0.001610 
-0.002050 
-0.002980 
-0.004300 
-0.005820 
-0.007310 
-0.008470 
-0.009000 
-0.008660 
-0.007320 
-0.005080 
-0.002220 
0.000900 
0.003920 
0.006620 
0.008880 
0.010660 
0.011930 
0.012650 
0.012830 
0.012550 
0.011910 
0.011020 
0.009880 
0.008420 
0.006540 
0.004210 
0.001580 
-0.000980 
-0.003060 
-0.004280 
-0.004470 
-0.003730 
-0.002390 
-0.000820 
0.000670 
0.001940 
0.002960 
0.003700 
0.004090 
0.004000 
0.003340 
0.002050 
0.000200 
-0.002100 
-0.004710 
-0.007470 
-0.010190 
-0.012620 
-0.014530 
-0.015700 
-0.015960 
-0.015180 
-0.013370 
-0.010630 
-0.007170 
-0.003350 
0.000400 
0.003600 
0.005840 
0.006880 
0.006670 
0.005390 
0.003350 
0.000940 
-0.001470 
-0.003540 
-0.004880 
-0.005150 
-0.004150 
-0.001870 
0.001430 
0.005280 
0.009090 
0.012410 
0.014930 
0.016500 
0.017080 
0.016650 
0.015230 
0.012890 
0.009840 
0.006410 
0.003030 
0.000110 
-0.002100 
-0.003520 
-0.004230 
-0.004390 
-0.004160 
-0.003630 
-0.002880 
-0.002040 
-0.001270 
-0.000700 
-0.000400 
-0.000380 
-0.000630 
-0.001160 
-0.002000 
-0.003190 
-0.004690 
-0.006410 
-0.008230 
-0.010090 
-0.011910 
-0.013550 
-0.014770 
-0.015240 
-0.014680 
-0.012960 
-0.010200 
-0.006770 
-0.003130 
0.000310 
0.003300 
0.005780 
0.007780 
0.009320 
0.010300 
0.010590 
0.010140 
0.009020 
0.007480 
0.005780 
0.004170 
0.002800 
0.001740 
0.001030 
0.000820 
0.001330 
0.002740 
0.005050 
0.008030 
0.011200 
0.013980 
0.015850 
0.016420 
0.015500 
0.013080 
0.009350 
0.004720 
-0.000280 
-0.005070 
-0.009150 
-0.012160 
-0.013860 
-0.014210 
-0.013310 
-0.011380 
-0.008750 
-0.005810 
-0.002960 
-0.000590 
0.001030 
0.001740 
0.001530 
0.000490 
-0.001310 
-0.003830 
-0.006950 
-0.010420 
-0.013740 
-0.016310 
-0.017600 
-0.017290 
-0.015380 
-0.012110 
-0.007880 
-0.003090 
0.001850 
0.006520 
0.010520 
0.013490 
0.015120 
0.015310 
0.014160 
0.011990 
0.009230 
0.006320 
0.003640 
0.001440 
-0.000120 
-0.000940 
-0.000960 
-0.000200 
0.001230 
0.003190 
0.005460 
0.007840 
0.010140 
0.012110 
0.013540 
0.014150 
0.013750 
0.012250 
0.009730 
0.006430 
0.002610 
-0.001420 
-0.005370 
-0.008990 
-0.012000 
-0.014150 
-0.015270 
-0.015340 
-0.014480 
-0.012930 
-0.010960 
-0.008820 
-0.006680 
-0.004610 
-0.002720 
-0.001210 
-0.000340 
-0.000340 
-0.001250 
-0.002900 
-0.004940 
-0.006990 
-0.008740 
-0.009970 
-0.010530 
-0.010320 
-0.009300 
-0.007480 
-0.004960 
-0.001860 
0.001670 
0.005410 
0.009150 
0.012620 
0.015490 
0.017480 
0.018350 
0.017980 
0.016400 
0.013780 
0.010450 
0.006850 
0.003420 
0.000580 
-0.001290 
-0.001890 
-0.001130 
0.000850 
0.003660 
0.006720 
0.009420 
0.011310 
0.012180 
0.011990 
0.010780 
0.008610 
0.005580 
0.001830 
-0.002380 
-0.006620 
-0.010460 
-0.013530 
-0.015630 
-0.016740 
-0.016910 
-0.016210 
-0.014730 
-0.012530 
-0.009740 
-0.006650 
-0.003670 
-0.001220 
0.000350 
0.000880 
0.000420 
-0.000810 
-0.002530 
-0.004450 
-0.006260 
-0.007650 
-0.008370 
-0.008330 
-0.007510 
-0.006010 
-0.003930 
-0.001370 
0.001510 
0.004540 
0.007490 
0.010090 
0.012140 
0.013540 
0.014320 
0.014540 
0.014250 
0.013490 
0.012240 
0.010450 
0.008220 
0.005780 
0.003450 
0.001540 
0.000260 
-0.000320 
-0.000300 
0.000200 
0.001050 
0.002170 
0.003450 
0.004660 
0.005520 
0.005780 
0.005270 
0.003960 
0.002000 
-0.000430 
-0.003120 
-0.005900 
-0.008580 
-0.011020 
-0.013060 
-0.014540 
-0.015310 
-0.015250 
-0.014300 
-0.012530 
-0.010040 
-0.007060 
-0.003870 
-0.000840 
0.001700 
0.003470 
0.004340 
0.004320 
0.003550 
0.002170 
0.000310 
-0.001820 
-0.003910 
-0.005600 
-0.006530 
-0.006440 
-0.005230 
-0.003010 
-0.000030 
0.003410 
0.007020 
0.010530 
0.013640 
0.016020 
0.017340 
0.017310 
0.015890 
0.013250 
0.009790 
0.005970 
0.002220 
-0.001110 
-0.003770 
-0.005580 
-0.006400 
-0.006160 
-0.004920 
-0.002920 
-0.000530 
0.001810 
0.003750 
0.005060 
0.005640 
0.005470 
0.004540 
0.002860 
0.000510 
-0.002350 
-0.005450 
-0.008530 
-0.011260 
-0.013380 
-0.014650 
-0.014930 
-0.014120 
-0.012260 
-0.009500 
-0.006130 
-0.002520 
0.000930 
0.003850 
0.006010 
0.007280 
0.007620 
0.007070 
0.005750 
0.003880 
0.001770 
-0.000270 
-0.001970 
-0.003120 
-0.003630 
-0.003460 
-0.002650 
-0.001220 
0.000760 
0.003180 
0.005850 
0.008480 
0.010750 
0.012370 
0.013170 
0.013090 
0.012110 
0.010290 
0.007710 
0.004550 
0.001140 
-0.002180 
-0.005040 
-0.007210 
-0.008550 
-0.009050 
-0.008790 
-0.007840 
-0.006330 
-0.004430 
-0.002370 
-0.000400 
0.001170 
0.002140 
0.002400 
0.001940 
0.000800 
-0.001000 
-0.003390 
-0.006190 
-0.009090 
-0.011670 
-0.013510 
-0.014270 
-0.013780 
-0.012060 
-0.009260 
-0.005660 
-0.001600 
0.002510 
0.006270 
0.009290 
0.011240 
0.011950 
0.011460 
0.009970 
0.007770 
0.005190 
0.002510 
0.000040 
-0.001930 
-0.003140 
-0.003390 
-0.002630 
-0.000930 
0.001460 
0.004240 
0.007080 
0.009680 
0.011810 
0.013260 
0.013810 
0.013300 
0.011700 
0.009110 
0.005820 
0.002210 
-0.001380 
-0.004650 
-0.007390 
-0.009410 
-0.010530 
-0.010680 
-0.009880 
-0.008270 
-0.006090 
-0.003660 
-0.001300 
0.000690 
0.002100 
0.002760 
0.002560 
0.001470 
-0.000430 
-0.002930 
-0.005720 
-0.008400 
-0.010570 
-0.011950 
-0.012380 
-0.011820 
-0.010370 
-0.008210 
-0.005590 
-0.002790 
-0.000100 
0.002240 
0.004110 
0.005510 
0.006520 
0.007170 
0.007470 
0.007360 
0.006790 
0.005800 
0.004500 
0.003080 
0.001690 
0.000530 
-0.000260 
-0.000520 
-0.000190 
0.000730 
0.002200 
0.004030 
0.005940 
0.007610 
0.008730 
0.009130 
0.008790 
0.007800 
0.006270 
0.004320 
0.002040 
-0.000420 
-0.002820 
-0.004920 
-0.006570 
-0.007750 
-0.008500 
-0.008840 
-0.008750 
-0.008130 
-0.006940 
-0.005250 
-0.003270 
-0.001300 
0.000350 
0.001400 
0.001710 
0.001300 
0.000270 
-0.001210 
-0.002990 
-0.004860 
-0.006550 
-0.007750 
-0.008180 
-0.007700 
-0.006310 
-0.004240 
-0.001740 
0.000900 
0.003470 
0.005770 
0.007630 
0.008950 
0.009670 
0.009760 
0.009220 
0.008070 
0.006410 
0.004350 
0.002110 
-0.000020 
-0.001770 
-0.002920 
-0.003340 
-0.003040 
-0.002140 
-0.000840 
0.000660 
0.002190 
0.003580 
0.004630 
0.005150 
0.004980 
0.004050 
0.002430 
0.000360 
-0.001830 
-0.003880 
-0.005630 
-0.007030 
-0.008050 
-0.008640 
-0.008760 
-0.008370 
-0.007500 
-0.006270 
-0.004870 
-0.003460 
-0.002180 
-0.001090 
-0.000210 
0.000460 
0.000910 
0.001090 
0.000990 
0.000680 
0.000270 
-0.000100 
-0.000360 
-0.000470 
-0.000450 
-0.000320 
-0.000030 
0.000470 
0.001230 
0.002260 
0.003490 
0.004850 
0.006250 
0.007570 
0.008740 
0.009640 
0.010110 
0.010030 
0.009350 
0.008170 
0.006680 
0.005060 
0.003450 
0.001940 
0.000600 
-0.000510 
-0.001300 
-0.001700 
-0.001720 
-0.001440 
-0.001010 
-0.000600 
-0.000350 
-0.000310 
-0.000470 
-0.000790 
-0.001280 
-0.002020 
-0.003050 
-0.004390 
-0.005930 
-0.007490 
-0.008880 
-0.009940 
-0.010580 
-0.010730 
-0.010320 
-0.009340 
-0.007830 
-0.005940 
-0.003870 
-0.001830 
-0.000020 
0.001440 
0.002500 
0.003080 
0.003160 
0.002760 
0.002040 
0.001210 
0.000510 
0.000140 
0.000200 
0.000650 
0.001390 
0.002330 
0.003380 
0.004530 
0.005720 
0.006880 
0.007840 
0.008410 
0.008480 
0.008090 
0.007380 
0.006500 
0.005520 
0.004430 
0.003200 
0.001870 
0.000550 
-0.000600 
-0.001510 
-0.002130 
-0.002510 
-0.002670 
-0.002650 
-0.002520 
-0.002330 
-0.002130 
-0.002000 
-0.002000 
-0.002160 
-0.002450 
-0.002830 
-0.003250 
-0.003690 
-0.004170 
-0.004700 
-0.005270 
-0.005790 
-0.006150 
-0.006270 
-0.006160 
-0.005850 
-0.005350 
-0.004590 
-0.003500 
-0.002040 
-0.000330 
0.001350 
0.002720 
0.003590 
0.003930 
0.003840 
0.003490 
0.003000 
0.002400 
0.001740 
0.001090 
0.000570 
0.000330 
0.000470 
0.001030 
0.001940 
0.003010 
0.004050 
0.004940 
0.005610 
0.006100 
0.006420 
0.006560 
0.006420 
0.005930 
0.005040 
0.003800 
0.002290 
0.000620 
-0.001090 
-0.002670 
-0.003970 
-0.004920 
-0.005470 
-0.005660 
-0.005500 
-0.005010 
-0.004180 
-0.003040 
-0.001740 
-0.000500 
0.000390 
0.000690 
0.000310 
-0.000710 
-0.002150 
-0.003740 
-0.005260 
-0.006590 
-0.007610 
-0.008170 
-0.008120 
-0.007330 
-0.005760 
-0.003550 
-0.001010 
0.001440 
0.003470 
0.004890 
0.005700 
0.006040 
0.006050 
0.005830 
0.005380 
0.004660 
0.003750 
0.002750 
0.001800 
0.001010 
0.000470 
0.000220 
0.000230 
0.000490 
0.001030 
0.001820 
0.002810 
0.003880 
0.004860 
0.005550 
0.005770 
0.005410 
0.004450 
0.002930 
0.001000 
-0.001130 
-0.003160 
-0.004850 
-0.006050 
-0.006730 
-0.006940 
-0.006810 
-0.006410 
-0.005750 
-0.004850 
-0.003770 
-0.002670 
-0.001710 
-0.001010 
-0.000600 
-0.000450 
-0.000490 
-0.000700 
-0.001130 
-0.001840 
-0.002820 
-0.003970 
-0.005110 
-0.005970 
-0.006310 
-0.005970 
-0.004950 
-0.003350 
-0.001330 
0.000920 
0.003170 
0.005200 
0.006800 
0.007790 
0.008100 
0.007750 
0.006890 
0.005650 
0.004200 
0.002700 
0.001350 
0.000360 
-0.000150 
-0.000120 
0.000330 
0.001030 
0.001820 
0.002640 
0.003530 
0.004480 
0.005430 
0.006210 
0.006600 
0.006410 
0.005560 
0.004110 
0.002260 
0.000190 
-0.001920 
-0.003920 
-0.005700 
-0.007140 
-0.008020 
-0.008170 
-0.007530 
-0.006250 
-0.004620 
-0.002960 
-0.001540 
-0.000510 
0.000070 
0.000200 
-0.000110 
-0.000800 
-0.001750 
-0.002800 
-0.003770 
-0.004500 
-0.004910 
-0.004980 
-0.004770 
-0.004290 
-0.003520 
-0.002440 
-0.001070 
0.000510 
0.002150 
0.003710 
0.005050 
0.006100 
0.006800 
0.007090 
0.006890 
0.006180 
0.005020 
0.003570 
0.002070 
0.000780 
-0.000130 
-0.000580 
-0.000600 
-0.000250 
0.000400 
0.001230 
0.002120 
0.002940 
0.003520 
0.003750 
0.003560 
0.002970 
0.002060 
0.000900 
-0.000430 
-0.001860 
-0.003280 
-0.004580 
-0.005610 
-0.006250 
-0.006460 
-0.006280 
-0.005800 
-0.005120 
-0.004340 
-0.003510 
-0.002670 
-0.001870 
-0.001190 
-0.000700 
-0.000420 
-0.000310 
-0.000330 
-0.000480 
-0.000770 
-0.001220 
-0.001790 
-0.002340 
-0.002680 
-0.002640 
-0.002140 
-0.001240 
-0.000070 
0.001210 
0.002500 
0.003740 
0.004900 
0.005860 
0.006450 
0.006510 
0.006060 
0.005240 
0.004280 
0.003390 
0.002720 
0.002260 
0.001930 
0.001660 
0.001420 
0.001250 
0.001180 
0.001240 
0.001400 
0.001580 
0.001690 
0.001700 
0.001650 
0.001550 
0.001360 
0.001000 
0.000410 
-0.000440 
-0.001480 
-0.002600 
-0.003640 
-0.004520 
-0.005180 
-0.005560 
-0.005620 
-0.005350 
-0.004800 
-0.004090 
-0.003350 
-0.002710 
-0.002190 
-0.001760 
-0.001360 
-0.001010 
-0.000780 
-0.000700 
-0.000750 
-0.000860 
-0.000950 
-0.000930 
-0.000800 
-0.000620 
-0.000420 
-0.000180 
0.000160 
0.000710 
0.001520 
0.002540 
0.003630 
0.004570 
0.005220 
0.005530 
0.005540 
0.005320 
0.004910 
0.004320 
0.003540 
0.002590 
0.001570 
0.000660 
-0.000010 
-0.000390 
-0.000520 
-0.000520 
-0.000470 
-0.000430 
-0.000410 
-0.000410 
-0.000480 
-0.000670 
-0.000990 
-0.001370 
-0.001770 
-0.002150 
-0.002510 
-0.002890 
-0.003320 
-0.003790 
-0.004250 
-0.004620 
-0.004860 
-0.004950 
-0.004910 
-0.004730 
-0.004410 
-0.003890 
-0.003110 
-0.002100 
-0.001000 
-0.000020 
0.000720 
0.001170 
0.001430 
0.001610 
0.001800 
0.001990 
0.002130 
0.002200 
0.002240 
0.002320 
0.002470 
0.002700 
0.002980 
0.003220 
0.003410 
0.003560 
0.003740 
0.004000 
0.004320 
0.004650 
0.004890 
0.004930 
0.004750 
0.004360 
0.003780 
0.003020 
0.002080 
0.001000 
-0.000130 
-0.001180 
-0.002020 
-0.002600 
-0.002900 
-0.002990 
-0.002900 
-0.002650 
-0.002300 
-0.001920 
-0.001630 
-0.001520 
-0.001630 
-0.001930 
-0.002320 
-0.002700 
-0.003020 
-0.003320 
-0.003620 
-0.003960 
-0.004290 
-0.004520 
-0.004540 
-0.004280 
-0.003780 
-0.003120 
-0.002380 
-0.001590 
-0.000700 
0.000300 
0.001360 
0.002340 
0.003070 
0.003440 
0.003460 
0.003220 
0.002870 
0.002470 
0.002110 
0.001830 
0.001690 
0.001720 
0.001940 
0.002300 
0.002690 
0.003020 
0.003230 
0.003340 
0.003360 
0.003330 
0.003250 
0.003090 
0.002790 
0.002300 
0.001650 
0.000910 
0.000130 
-0.000660 
-0.001520 
-0.002460 
-0.003430 
-0.004250 
-0.004740 
-0.004790 
-0.004440 
-0.003870 
-0.003300 
-0.002870 
-0.002620 
-0.002480 
-0.002430 
-0.002460 
-0.002570 
-0.002770 
-0.003030 
-0.003270 
-0.003370 
-0.003270 
-0.002960 
-0.002510 
-0.002010 
-0.001530 
-0.001120 
-0.000730 
-0.000290 
0.000260 
0.000930 
0.001710 
0.002580 
0.003470 
0.004280 
0.004890 
0.005190 
0.005170 
0.004870 
0.004400 
0.003860 
0.003280 
0.002660 
0.002050 
0.001590 
0.001400 
0.001550 
0.002000 
0.002580 
0.003070 
0.003240 
0.003030 
0.002480 
0.001740 
0.000920 
0.000090 
-0.000760 
-0.001660 
-0.002570 
-0.003380 
-0.003950 
-0.004210 
-0.004210 
-0.004070 
-0.003950 
-0.003940 
-0.004020 
-0.004060 
-0.003940 
-0.003620 
-0.003150 
-0.002620 
-0.002110 
-0.001680 
-0.001380 
-0.001210 
-0.001170 
-0.001250 
-0.001370 
-0.001440 
-0.001390 
-0.001190 
-0.000780 
-0.000150 
0.000700 
0.001720 
0.002830 
0.003930 
0.004860 
0.005480 
0.005680 
0.005470 
0.004970 
0.004320 
0.003700 
0.003190 
0.002730 
0.002270 
0.001770 
0.001300 
0.000940 
0.000790 
0.000860 
0.001070 
0.001320 
0.001500 
0.001600 
0.001640 
0.001600 
0.001450 
0.001120 
0.000530 
-0.000350 
-0.001450 
-0.002630 
-0.003740 
-0.004680 
-0.005380 
-0.005760 
-0.005820 
-0.005570 
-0.005070 
-0.004410 
-0.003710 
-0.003080 
-0.002560 
-0.002130 
-0.001780 
-0.001520 
-0.001370 
-0.001390 
-0.001580 
-0.001870 
-0.002160 
-0.002300 
-0.002270 
-0.002120 
-0.001890 
-0.001590 
-0.001160 
-0.000530 
0.000370 
0.001500 
0.002720 
0.003850 
0.004730 
0.005310 
0.005600 
0.005640 
0.005490 
0.005120 
0.004520 
0.003720 
0.002840 
0.002040 
0.001440 
0.001080 
0.000960 
0.001010 
0.001140 
0.001300 
0.001440 
0.001490 
0.001430 
0.001210 
0.000840 
0.000330 
-0.000260 
-0.000850 
-0.001410 
-0.001960 
-0.002540 
-0.003190 
-0.003850 
-0.004460 
-0.004910 
-0.005170 
-0.005210 
-0.005030 
-0.004630 
-0.003960 
-0.003020 
-0.001860 
-0.000630 
0.000430 
0.001120 
0.001310 
0.001050 
0.000510 
-0.000090 
-0.000610 
-0.000960 
-0.001080 
-0.000920 
-0.000440 
0.000330 
0.001310 
0.002350 
0.003300 
0.004030 
0.004490 
0.004640 
0.004520 
0.004230 
0.003880 
0.003520 
0.003200 
0.002920 
0.002640 
0.002310 
0.001880 
0.001320 
0.000620 
-0.000100 
-0.000670 
-0.000960 
-0.000890 
-0.000540 
-0.000080 
0.000360 
0.000710 
0.000920 
0.000950 
0.000720 
0.000140 
-0.000820 
-0.002050 
-0.003340 
-0.004440 
-0.005140 
-0.005370 
-0.005140 
-0.004580 
-0.003830 
-0.002980 
-0.002130 
-0.001370 
-0.000770 
-0.000410 
-0.000290 
-0.000370 
-0.000540 
-0.000670 
-0.000680 
-0.000550 
-0.000350 
-0.000160 
0.000000 
0.000170 
0.000420 
0.000790 
0.001240 
0.001710 
0.002180 
0.002690 
0.003260 
0.003880 
0.004420 
0.004780 
0.004870 
0.004690 
0.004320 
0.003840 
0.003290 
0.002700 
0.002070 
0.001460 
0.000920 
0.000530 
0.000310 
0.000240 
0.000190 
0.000040 
-0.000260 
-0.000660 
-0.001040 
-0.001310 
-0.001480 
-0.001630 
-0.001870 
-0.002260 
-0.002770 
-0.003320 
-0.003840 
-0.004280 
-0.004650 
-0.004960 
-0.005210 
-0.005330 
-0.005240 
-0.004870 
-0.004230 
-0.003390 
-0.002460 
-0.001580 
-0.000810 
-0.000190 
0.000270 
0.000590 
0.000770 
0.000850 
0.000920 
0.001020 
0.001200 
0.001450 
0.001730 
0.002000 
0.002240 
0.002510 
0.002840 
0.003230 
0.003580 
0.003820 
0.003950 
0.004050 
0.004200 
0.004430 
0.004660 
0.004720 
0.004490 
0.003910 
0.003060 
0.002070 
0.001110 
0.000310 
-0.000290 
-0.000720 
-0.000990 
-0.001090 
-0.000990 
-0.000700 
-0.000320 
0.000000 
0.000120 
-0.000070 
-0.000520 
-0.001090 
-0.001640 
-0.002070 
-0.002350 
-0.002510 
-0.002580 
-0.002620 
-0.002610 
-0.002570 
-0.002520 
-0.002500 
-0.002490 
-0.002490 
-0.002460 
-0.002340 
-0.002100 
-0.001730 
-0.001260 
-0.000700 
-0.000070 
0.000590 
0.001190 
0.001610 
0.001770 
0.001680 
0.001450 
0.001230 
0.001140 
0.001190 
0.001310 
0.001400 
0.001440 
0.001440 
0.001450 
0.001540 
0.001760 
0.002060 
0.002310 
0.002400 
0.002290 
0.002030 
0.001740 
0.001480 
0.001260 
0.001000 
0.000630 
0.000130 
-0.000440 
-0.001030 
-0.001610 
-0.002150 
-0.002620 
-0.002980 
-0.003180 
-0.003200 
-0.003050 
-0.002800 
-0.002500 
-0.002120 
-0.001680 
-0.001230 
-0.000880 
-0.000720 
-0.000810 
-0.001130 
-0.001550 
-0.001910 
-0.002060 
-0.001930 
-0.001550 
-0.001030 
-0.000460 
0.000090 
0.000650 
0.001280 
0.001980 
0.002620 
0.003090 
0.003300 
0.003300 
0.003200 
0.003140 
0.003190 
0.003290 
0.003340 
0.003250 
0.003000 
0.002640 
0.002240 
0.001870 
0.001570 
0.001340 
0.001150 
0.001010 
0.000910 
0.000850 
0.000820 
0.000800 
0.000750 
0.000600 
0.000360 
0.000030 
-0.000350 
-0.000780 
-0.001270 
-0.001780 
-0.002250 
-0.002580 
-0.002760 
-0.002850 
-0.002940 
-0.003090 
-0.003210 
-0.003150 
-0.002820 
-0.002230 
-0.001530 
-0.000950 
-0.000620 
-0.000590 
-0.000730 
-0.000890 
-0.000980 
-0.000980 
-0.000950 
-0.000960 
-0.000990 
-0.000950 
-0.000730 
-0.000280 
0.000310 
0.000910 
0.001370 
0.001650 
0.001790 
0.001890 
0.002050 
0.002250 
0.002440 
0.002590 
0.002700 
0.002790 
0.002840 
0.002780 
0.002530 
0.002090 
0.001530 
0.000980 
0.000540 
0.000240 
0.000080 
0.000050 
0.000130 
0.000270 
0.000440 
0.000570 
0.000600 
0.000420 
-0.000040 
-0.000760 
-0.001620 
-0.002460 
-0.003080 
-0.003400 
-0.003450 
-0.003330 
-0.003110 
-0.002800 
-0.002420 
-0.002020 
-0.001690 
-0.001510 
-0.001540 
-0.001700 
-0.001870 
-0.001940 
-0.001830 
-0.001550 
-0.001140 
-0.000680 
-0.000240 
0.000130 
0.000410 
0.000620 
0.000760 
0.000850 
0.000920 
0.001040 
0.001300 
0.001740 
0.002330 
0.002990 
0.003570 
0.003990 
0.004200 
0.004200 
0.003950 
0.003450 
0.002740 
0.001920 
0.001130 
0.000540 
0.000240 
0.000210 
0.000360 
0.000580 
0.000780 
0.000910 
0.000950 
0.000900 
0.000750 
0.000430 
-0.000090 
-0.000760 
-0.001440 
-0.001970 
-0.002260 
-0.002300 
-0.002200 
-0.002090 
-0.002060 
-0.002100 
-0.002150 
-0.002160 
-0.002110 
-0.001990 
-0.001800 
-0.001540 
-0.001170 
-0.000640 
-0.000020 
0.000590 
0.001040 
0.001270 
0.001270 
0.001080 
0.000810 
0.000520 
0.000250 
0.000000 
-0.000150 
-0.000120 
0.000180 
0.000730 
0.001450 
0.002190 
0.002780 
0.003170 
0.003370 
0.003460 
0.003430 
0.003230 
0.002820 
0.002210 
0.001500 
0.000830 
0.000300 
-0.000040 
-0.000270 
-0.000460 
-0.000650 
-0.000820 
-0.000920 
-0.000890 
-0.000730 
-0.000510 
-0.000350 
-0.000360 
-0.000530 
-0.000780 
-0.001050 
-0.001350 
-0.001690 
-0.002120 
-0.002590 
-0.003030 
-0.003330 
-0.003420 
-0.003340 
-0.003140 
-0.002850 
-0.002490 
-0.002070 
-0.001570 
-0.001010 
-0.000430 
0.000100 
0.000590 
0.001010 
0.001330 
0.001520 
0.001550 
0.001380 
0.001050 
0.000630 
0.000240 
0.000020 
0.000010 
0.000220 
0.000590 
0.001070 
0.001610 
0.002220 
0.002870 
0.003460 
0.003860 
0.003930 
0.003630 
0.003040 
0.002320 
0.001610 
0.001050 
0.000620 
0.000290 
0.000030 
-0.000170 
-0.000290 
-0.000330 
-0.000310 
-0.000300 
-0.000340 
-0.000450 
-0.000620 
-0.000790 
-0.000920 
-0.000990 
-0.001010 
-0.001020 
-0.001070 
-0.001180 
-0.001370 
-0.001610 
-0.001930 
-0.002290 
-0.002600 
-0.002760 
-0.002660 
-0.002270 
-0.001640 
-0.000890 
-0.000160 
0.000460 
0.000920 
0.001210 
0.001340 
0.001300 
0.001100 
0.000780 
0.000440 
0.000240 
0.000290 
0.000640 
0.001170 
0.001740 
0.002190 
0.002450 
0.002490 
0.002380 
0.002170 
0.001920 
0.001650 
0.001390 
0.001180 
0.001040 
0.000960 
0.000920 
0.000800 
0.000530 
0.000090 
-0.000470 
-0.001040 
-0.001550 
-0.001930 
-0.002160 
-0.002260 
-0.002220 
-0.002070 
-0.001810 
-0.001530 
-0.001340 
-0.001350 
-0.001580 
-0.001990 
-0.002450 
-0.002840 
-0.003090 
-0.003170 
-0.003110 
-0.002900 
-0.002510 
-0.001960 
-0.001310 
-0.000680 
-0.000190 
0.000080 
0.000160 
0.000180 
0.000270 
0.000510 
0.000870 
0.001280 
0.001660 
0.001950 
0.002130 
0.002230 
0.002210 
0.002070 
0.001820 
0.001530 
0.001310 
0.001240 
0.001390 
0.001740 
0.002200 
0.002640 
0.002960 
0.003110 
0.003050 
0.002760 
0.002260 
0.001570 
0.000780 
0.000000 
-0.000600 
-0.000900 
-0.000930 
-0.000800 
-0.000690 
-0.000710 
-0.000880 
-0.001120 
-0.001320 
-0.001470 
-0.001610 
-0.001800 
-0.002010 
-0.002150 
-0.002140 
-0.001950 
-0.001640 
-0.001370 
-0.001290 
-0.001470 
-0.001850 
-0.002280 
-0.002600 
-0.002680 
-0.002460 
-0.001980 
-0.001320 
-0.000580 
0.000170 
0.000840 
0.001350 
0.001680 
0.001820 
0.001800 
0.001690 
0.001570 
0.001510 
0.001540 
0.001660 
0.001860 
0.002170 
0.002540 
0.002900 
0.003110 
0.003080 
0.002780 
0.002320 
0.001870 
0.001570 
0.001400 
0.001290 
0.001140 
0.000890 
0.000550 
0.000190 
-0.000100 
-0.000300 
-0.000500 
-0.000790 
-0.001200 
-0.001690 
-0.002140 
-0.002420 
-0.002500 
-0.002450 
-0.002420 
-0.002520 
-0.002760 
-0.003060 
-0.003290 
-0.003350 
-0.003230 
-0.002930 
-0.002550 
-0.002140 
-0.001760 
-0.001450 
-0.001200 
-0.000980 
-0.000760 
-0.000530 
-0.000290 
-0.000080 
0.000110 
0.000270 
0.000420 
0.000630 
0.000970 
0.001410 
0.001880 
0.002240 
0.002360 
0.002190 
0.001840 
0.001520 
0.001420 
0.001580 
0.001900 
0.002200 
0.002340 
0.002320 
0.002250 
0.002220 
0.002220 
0.002110 
0.001760 
0.001150 
0.000380 
-0.000370 
-0.000920 
-0.001130 
-0.001010 
-0.000680 
-0.000320 
-0.000110 
-0.000140 
-0.000390 
-0.000780 
-0.001230 
-0.001710 
-0.002170 
-0.002540 
-0.002740 
-0.002710 
-0.002490 
-0.002140 
-0.001750 
-0.001420 
-0.001170 
-0.001080 
-0.001200 
-0.001550 
-0.002030 
-0.002430 
-0.002510 
-0.002140 
-0.001380 
-0.000430 
0.000440 
0.001050 
0.001340 
0.001410 
0.001360 
0.001310 
0.001270 
0.001200 
0.001070 
0.000930 
0.000910 
0.001140 
0.001620 
0.002210 
0.002660 
0.002780 
0.002530 
0.002050 
0.001580 
0.001280 
0.001170 
0.001150 
0.001090 
0.000900 
0.000590 
0.000200 
-0.000220 
-0.000640 
-0.001040 
-0.001410 
-0.001740 
-0.002020 
-0.002270 
-0.002460 
-0.002580 
-0.002590 
-0.002490 
-0.002290 
-0.002050 
-0.001870 
-0.001800 
-0.001860 
-0.001970 
-0.002010 
-0.001890 
-0.001580 
-0.001200 
-0.000910 
-0.000810 
-0.000860 
-0.000890 
-0.000750 
-0.000360 
0.000200 
0.000770 
0.001200 
0.001480 
0.001650 
0.001830 
0.002040 
0.002260 
0.002400 
0.002370 
0.002140 
0.001800 
0.001520 
0.001410 
0.001510 
0.001750 
0.001990 
0.002130 
0.002150 
0.002080 
0.001920 
0.001680 
0.001350 
0.000940 
0.000500 
0.000080 
-0.000280 
-0.000570 
-0.000730 
-0.000740 
-0.000580 
-0.000280 
0.000060 
0.000300 
0.000320 
0.000070 
-0.000380 
-0.000930 
-0.001460 
-0.001870 
-0.002160 
-0.002340 
-0.002450 
-0.002460 
-0.002310 
-0.001950 
-0.001400 
-0.000790 
-0.000330 
-0.000200 
-0.000390 
-0.000710 
-0.000950 
-0.000940 
-0.000660 
-0.000230 
0.000220 
0.000590 
0.000880 
0.001150 
0.001400 
0.001580 
0.001660 
0.001610 
0.001440 
0.001220 
0.001080 
0.001120 
0.001380 
0.001800 
0.002280 
0.002680 
0.002880 
0.002840 
0.002570 
0.002110 
0.001540 
0.000970 
0.000540 
0.000300 
0.000190 
0.000100 
-0.000090 
-0.000440 
-0.000910 
-0.001410 
-0.001840 
-0.002180 
-0.002450 
-0.002650 
-0.002770 
-0.002720 
-0.002440 
-0.001930 
-0.001300 
-0.000790 
-0.000630 
-0.000910 
-0.001530 
-0.002280 
-0.002930 
-0.003290 
-0.003320 
-0.003060 
-0.002580 
-0.001910 
-0.001100 
-0.000230 
0.000600 
0.001290 
0.001730 
0.001920 
0.001890 
0.001740 
0.001540 
0.001350 
0.001240 
0.001230 
0.001330 
0.001470 
0.001600 
0.001640 
0.001560 
0.001360 
0.001130 
0.000980 
0.000970 
0.001110 
0.001330 
0.001540 
0.001650 
0.001640 
0.001600 
0.001570 
0.001520 
0.001320 
0.000860 
0.000140 
-0.000700 
-0.001450 
-0.001930 
-0.002100 
-0.002020 
-0.001810 
-0.001540 
-0.001250 
-0.000980 
-0.000730 
-0.000510 
-0.000380 
-0.000380 
-0.000570 
-0.000930 
-0.001350 
-0.001720 
-0.001950 
-0.001980 
-0.001870 
-0.001650 
-0.001370 
-0.001040 
-0.000720 
-0.000440 
-0.000230 
-0.000050 
0.000130 
0.000320 
0.000520 
0.000700 
0.000800 
0.000810 
0.000770 
0.000730 
0.000730 
0.000740 
0.000710 
0.000590 
0.000370 
0.000140 
0.000040 
0.000150 
0.000450 
0.000800 
0.001020 
0.001000 
0.000730 
0.000360 
0.000040 
-0.000140 
-0.000200 
-0.000240 
-0.000330 
-0.000490 
-0.000680 
-0.000870 
-0.001030 
-0.001230 
-0.001490 
-0.001770 
-0.002010 
-0.002140 
-0.002110 
-0.001890 
-0.001520 
-0.001080 
-0.000690 
-0.000450 
-0.000410 
-0.000600 
-0.000960 
-0.001380 
-0.001740 
-0.001900 
-0.001740 
-0.001250 
-0.000540 
0.000190 
0.000790 
0.001190 
0.001420 
0.001540 
0.001590 
0.001570 
0.001460 
0.001310 
0.001210 
0.001280 
0.001550 
0.001960 
0.002360 
0.002560 
0.002430 
0.001980 
0.001370 
0.000790 
0.000410 
0.000270 
0.000330 
0.000510 
0.000740 
0.000970 
0.001180 
0.001340 
0.001360 
0.001160 
0.000690 
0.000000 
-0.000810 
-0.001590 
-0.002190 
-0.002510 
-0.002550 
-0.002330 
-0.001910 
-0.001410 
-0.000930 
-0.000570 
-0.000370 
-0.000360 
-0.000490 
-0.000690 
-0.000920 
-0.001140 
-0.001350 
-0.001530 
-0.001630 
-0.001580 
-0.001340 
-0.000920 
-0.000450 
-0.000110 
-0.000010 
-0.000120 
-0.000290 
-0.000340 
-0.000170 
0.000200 
0.000650 
0.001030 
0.001280 
0.001420 
0.001480 
0.001490 
0.001450 
0.001350 
0.001150 
0.000850 
0.000510 
0.000260 
0.000230 
0.000440 
0.000820 
0.001200 
0.001400 
0.001340 
0.001030 
0.000560 
0.000040 
-0.000440 
-0.000760 
-0.000870 
-0.000780 
-0.000580 
-0.000390 
-0.000320 
-0.000390 
-0.000570 
-0.000780 
-0.001000 
-0.001260 
-0.001600 
-0.001960 
-0.002230 
-0.002280 
-0.002030 
-0.001530 
-0.000930 
-0.000480 
-0.000340 
-0.000510 
-0.000850 
-0.001120 
-0.001140 
-0.000840 
-0.000340 
0.000170 
0.000580 
0.000860 
0.001070 
0.001240 
0.001350 
0.001350 
0.001180 
0.000890 
0.000580 
0.000420 
0.000520 
0.000920 
0.001530 
0.002200 
0.002760 
0.003030 
0.002930 
0.002490 
0.001820 
0.001110 
0.000550 
0.000240 
0.000190 
0.000300 
0.000490 
0.000670 
0.000760 
0.000710 
0.000560 
0.000310 
-0.000040 
-0.000540 
-0.001160 
-0.001790 
-0.002240 
-0.002300 
-0.001910 
-0.001250 
-0.000600 
-0.000230 
-0.000210 
-0.000470 
-0.000840 
-0.001150 
-0.001310 
-0.001360 
-0.001380 
-0.001390 
-0.001390 
-0.001290 
-0.001060 
-0.000690 
-0.000250 
0.000140 
0.000400 
0.000510 
0.000550 
0.000630 
0.000800 
0.001060 
0.001350 
0.001580 
0.001690 
0.001690 
0.001560 
0.001330 
0.001040 
0.000800 
0.000740 
0.000860 
0.001080 
0.001260 
0.001290 
0.001170 
0.000990 
0.000850 
0.000780 
0.000720 
0.000570 
0.000260 
-0.000170 
-0.000620 
-0.000910 
-0.000970 
-0.000850 
-0.000690 
-0.000650 
-0.000790 
-0.001070 
-0.001340 
-0.001460 
-0.001420 
-0.001330 
-0.001350 
-0.001570 
-0.001900 
-0.002170 
-0.002180 
-0.001910 
-0.001420 
-0.000900 
-0.000450 
-0.000160 
-0.000030 
0.000000 
0.000000 
0.000020 
0.000080 
0.000120 
0.000140 
0.000170 
0.000260 
0.000450 
0.000740 
0.001070 
0.001360 
0.001570 
0.001640 
0.001550 
0.001320 
0.001030 
0.000850 
0.000930 
0.001310 
0.001890 
0.002460 
0.002820 
0.002860 
0.002640 
0.002280 
0.001890 
0.001470 
0.000980 
0.000420 
-0.000160 
-0.000610 
-0.000800 
-0.000660 
-0.000310 
0.000060 
0.000240 
0.000140 
-0.000200 
-0.000630 
-0.000950 
-0.001060 
-0.001000 
-0.000920 
-0.000910 
-0.001010 
-0.001160 
-0.001320 
-0.001440 
-0.001550 
-0.001670 
-0.001780 
-0.001830 
-0.001730 
-0.001480 
-0.001090 
-0.000600 
-0.000090 
0.000360 
0.000660 
0.000770 
0.000700 
0.000510 
0.000290 
0.000160 
0.000200 
0.000420 
0.000750 
0.001070 
0.001250 
0.001210 
0.001010 
0.000770 
0.000580 
0.000470 
0.000390 
0.000290 
0.000170 
0.000150 
0.000340 
0.000750 
0.001260 
0.001640 
0.001670 
0.001300 
0.000620 
-0.000180 
-0.000890 
-0.001370 
-0.001630 
-0.001750 
-0.001790 
-0.001790 
-0.001690 
-0.001480 
-0.001160 
-0.000810 
-0.000580 
-0.000520 
-0.000610 
-0.000770 
-0.000920 
-0.001000 
-0.000950 
-0.000770 
-0.000470 
-0.000100 
0.000250 
0.000490 
0.000520 
0.000330 
0.000010 
-0.000280 
-0.000440 
-0.000400 
-0.000190 
0.000150 
0.000560 
0.001030 
0.001590 
0.002190 
0.002740 
0.003090 
0.003080 
0.002660 
0.001900 
0.001040 
0.000390 
0.000130 
0.000270 
0.000670 
0.001150 
0.001590 
0.001930 
0.002170 
0.002260 
0.002140 
0.001750 
0.001140 
0.000430 
-0.000230 
-0.000680 
-0.000820 
-0.000670 
-0.000340 
0.000070 
0.000410 
0.000560 
0.000430 
0.000000 
-0.000680 
-0.001470 
-0.002200 
-0.002700 
-0.002840 
-0.002650 
-0.002250 
-0.001790 
-0.001380 
-0.001050 
-0.000810 
-0.000660 
-0.000630 
-0.000800 
-0.001140 
-0.001510 
-0.001720 
-0.001600 
-0.001110 
-0.000400 
0.000330 
0.000840 
0.001060 
0.001050 
0.000940 
0.000840 
0.000760 
0.000700 
0.000640 
0.000620 
0.000720 
0.000970 
0.001340 
0.001710 
0.001950 
0.001990 
0.001800 
0.001410 
0.000940 
0.000500 
0.000160 
-0.000060 
-0.000180 
-0.000230 
-0.000200 
-0.000150 
-0.000130 
-0.000190 
-0.000350 
-0.000560 
-0.000740 
-0.000850 
-0.000930 
-0.001050 
-0.001250 
-0.001480 
-0.001650 
-0.001700 
-0.001600 
-0.001430 
-0.001290 
-0.001230 
-0.001190 
-0.001110 
-0.000930 
-0.000670 
-0.000430 
-0.000330 
-0.000430 
-0.000690 
-0.000980 
-0.001120 
-0.001010 
-0.000650 
-0.000150 
0.000330 
0.000730 
0.001070 
0.001390 
0.001650 
0.001770 
0.001670 
0.001330 
0.000850 
0.000390 
0.000100 
0.000070 
0.000270 
0.000620 
0.001020 
0.001370 
0.001600 
0.001710 
0.001690 
0.001570 
0.001350 
0.001060 
0.000750 
0.000470 
0.000270 
0.000150 
0.000120 
0.000140 
0.000190 
0.000260 
0.000320 
0.000290 
0.000080 
-0.000320 
-0.000850 
-0.001370 
-0.001760 
-0.001930 
-0.001920 
-0.001820 
-0.001690 
-0.001510 
-0.001270 
-0.000970 
-0.000650 
-0.000430 
-0.000420 
-0.000670 
-0.001110 
-0.001530 
-0.001750 
-0.001680 
-0.001330 
-0.000790 
-0.000210 
0.000300 
0.000680 
0.000920 
0.000990 
0.000880 
0.000620 
0.000310 
0.000070 
0.000010 
0.000200 
0.000610 
0.001130 
0.001610 
0.001980 
0.002160 
0.002130 
0.001850 
0.001320 
0.000590 
-0.000210 
-0.000890 
-0.001280 
-0.001310 
-0.001030 
-0.000610 
-0.000230 
-0.000050 
-0.000150 
-0.000490 
-0.000960 
-0.001450 
-0.001900 
-0.002240 
-0.002430 
-0.002400 
-0.002120 
-0.001650 
-0.001070 
-0.000580 
-0.000330 
-0.000380 
-0.000670 
-0.001070 
-0.001450 
-0.001740 
-0.001880 
-0.001880 
-0.001680 
-0.001250 
-0.000620 
0.000080 
0.000680 
0.001050 
0.001170 
0.001090 
0.000940 
0.000850 
0.000890 
0.001010 
0.001140 
0.001240 
0.001320 
0.001400 
0.001460 
0.001480 
0.001400 
0.001190 
0.000900 
0.000650 
0.000540 
0.000620 
0.000850 
0.001180 
0.001510 
0.001770 
0.001910 
0.001920 
0.001760 
0.001390 
0.000860 
0.000260 
-0.000250 
-0.000590 
-0.000740 
-0.000740 
-0.000710 
-0.000750 
-0.000860 
-0.000990 
-0.001090 
-0.001160 
-0.001220 
-0.001310 
-0.001440 
-0.001540 
-0.001510 
-0.001290 
-0.000930 
-0.000590 
-0.000410 
-0.000460 
-0.000720 
-0.001090 
-0.001430 
-0.001650 
-0.001740 
-0.001690 
-0.001500 
-0.001160 
-0.000680 
-0.000120 
0.000430 
0.000840 
0.001050 
0.001050 
0.000930 
0.000790 
0.000680 
0.000660 
0.000750 
0.000910 
0.001130 
0.001350 
0.001540 
0.001590 
0.001440 
0.001080 
0.000580 
0.000070 
-0.000300 
-0.000450 
-0.000370 
-0.000150 
0.000120 
0.000390 
0.000610 
0.000780 
0.000850 
0.000760 
0.000480 
0.000010 
-0.000550 
-0.001070 
-0.001440 
-0.001600 
-0.001560 
-0.001400 
-0.001210 
-0.001050 
-0.000930 
-0.000830 
-0.000740 
-0.000670 
-0.000620 
-0.000570 
-0.000450 
-0.000220 
0.000140 
0.000560 
0.000930 
0.001150 
0.001190 
0.001090 
0.000950 
0.000820 
0.000750 
0.000720 
0.000710 
0.000740 
0.000840 
0.001050 
0.001340 
0.001640 
0.001860 
0.001950 
0.001890 
0.001730 
0.001540 
0.001370 
0.001240 
0.001130 
0.001050 
0.000990 
0.000960 
0.000910 
0.000790 
0.000500 
0.000040 
-0.000490 
-0.000950 
-0.001220 
-0.001290 
-0.001250 
-0.001160 
-0.001080 
-0.000990 
-0.000840 
-0.000640 
-0.000430 
-0.000340 
-0.000440 
-0.000760 
-0.001240 
-0.001700 
-0.001980 
-0.002020 
-0.001860 
-0.001640 
-0.001450 
-0.001320 
-0.001240 
-0.001150 
-0.001020 
-0.000890 
-0.000780 
-0.000690 
-0.000600 
-0.000470 
-0.000270 
-0.000010 
0.000290 
0.000600 
0.000870 
0.001080 
0.001180 
0.001130 
0.000940 
0.000670 
0.000410 
0.000270 
0.000320 
0.000550 
0.000900 
0.001240 
0.001450 
0.001520 
0.001450 
0.001290 
0.001080 
0.000800 
0.000430 
-0.000030 
-0.000480 
-0.000790 
-0.000840 
-0.000630 
-0.000290 
0.000030 
0.000160 
0.000040 
-0.000260 
-0.000640 
-0.001040 
-0.001440 
-0.001800 
-0.002070 
-0.002170 
-0.002060 
-0.001730 
-0.001260 
-0.000780 
-0.000410 
-0.000220 
-0.000200 
-0.000280 
-0.000390 
-0.000460 
-0.000460 
-0.000370 
-0.000190 
0.000120 
0.000520 
0.000900 
0.001100 
0.001070 
0.000850 
0.000550 
0.000320 
0.000270 
0.000410 
0.000660 
0.000950 
0.001240 
0.001530 
0.001810 
0.002040 
0.002160 
0.002080 
0.001740 
0.001210 
0.000640 
0.000150 
-0.000170 
-0.000310 
-0.000340 
-0.000330 
-0.000360 
-0.000430 
-0.000530 
-0.000630 
-0.000770 
-0.000950 
-0.001140 
-0.001320 
-0.001410 
-0.001360 
-0.001190 
-0.000980 
-0.000810 
-0.000740 
-0.000760 
-0.000850 
-0.001000 
-0.001180 
-0.001370 
-0.001530 
-0.001580 
-0.001430 
-0.001070 
-0.000600 
-0.000120 
0.000270 
0.000530 
0.000690 
0.000800 
0.000940 
0.001070 
0.001150 
0.001130 
0.001050 
0.000980 
0.000990 
0.001100 
0.001220 
0.001240 
0.001060 
0.000740 
0.000380 
0.000130 
0.000100 
0.000280 
0.000590 
0.000930 
0.001220 
0.001430 
0.001580 
0.001620 
0.001490 
0.001150 
0.000660 
0.000120 
-0.000330 
-0.000590 
-0.000640 
-0.000560 
-0.000430 
-0.000310 
-0.000260 
-0.000320 
-0.000490 
-0.000750 
-0.001050 
-0.001320 
-0.001440 
-0.001330 
-0.000960 
-0.000390 
0.000240 
0.000740 
0.000980 
0.000920 
0.000610 
0.000150 
-0.000380 
-0.000920 
-0.001400 
-0.001680 
-0.001640 
-0.001210 
-0.000450 
0.000450 
0.001240 
0.001730 
0.001880 
0.001740 
0.001440 
0.001120 
0.000860 
0.000710 
0.000690 
0.000810 
0.001050 
0.001370 
0.001680 
0.001840 
0.001740 
0.001310 
0.000630 
-0.000120 
-0.000760 
-0.001140 
-0.001220 
-0.001030 
-0.000630 
-0.000120 
0.000370 
0.000750 
0.000910 
0.000780 
0.000370 
-0.000260 
-0.000980 
-0.001660 
-0.002180 
-0.002460 
-0.002480 
-0.002260 
-0.001830 
-0.001270 
-0.000710 
-0.000290 
-0.000120 
-0.000210 
-0.000490 
-0.000830 
-0.001060 
-0.001040 
-0.000760 
-0.000300 
0.000220 
0.000690 
0.001060 
0.001310 
0.001420 
0.001330 
0.001010 
0.000490 
-0.000090 
-0.000540 
-0.000690 
-0.000480 
0.000070 
0.000840 
0.001640 
0.002320 
0.002780 
0.002980 
0.002890 
0.002490 
0.001860 
0.001090 
0.000350 
-0.000210 
-0.000470 
-0.000460 
-0.000260 
0.000000 
0.000260 
0.000460 
0.000550 
0.000510 
0.000320 
0.000010 
-0.000370 
-0.000670 
-0.000770 
-0.000630 
-0.000320 
0.000010 
0.000240 
0.000280 
0.000120 
-0.000150 
-0.000440 
-0.000700 
-0.000920 
-0.001100 
-0.001190 
-0.001150 
-0.000920 
-0.000490 
0.000070 
0.000590 
0.000920 
0.001030 
0.000930 
0.000690 
0.000420 
0.000200 
0.000050 
0.000020 
0.000110 
0.000360 
0.000720 
0.001110 
0.001440 
0.001630 
0.001650 
0.001490 
0.001240 
0.000990 
0.000790 
0.000630 
0.000510 
0.000420 
0.000350 
0.000320 
0.000340 
0.000390 
0.000420 
0.000380 
0.000290 
0.000200 
0.000150 
0.000140 
0.000100 
-0.000030 
-0.000290 
-0.000660 
-0.001060 
-0.001440 
-0.001750 
-0.002000 
-0.002160 
-0.002210 
-0.002110 
-0.001880 
-0.001550 
-0.001220 
-0.001010 
-0.000980 
-0.001120 
-0.001350 
-0.001530 
-0.001560 
-0.001410 
-0.001150 
-0.000840 
-0.000520 
-0.000150 
0.000290 
0.000740 
0.001090 
0.001200 
0.001020 
0.000640 
0.000270 
0.000100 
0.000220 
0.000570 
0.001030 
0.001460 
0.001770 
0.001910 
0.001910 
0.001780 
0.001550 
0.001230 
0.000860 
0.000510 
0.000250 
0.000140 
0.000230 
0.000480 
0.000790 
0.001040 
0.001160 
0.001120 
0.000920 
0.000580 
0.000170 
-0.000210 
-0.000480 
-0.000540 
-0.000380 
-0.000110 
0.000150 
0.000310 
0.000360 
0.000310 
0.000200 
0.000050 
-0.000190 
-0.000540 
-0.001000 
-0.001420 
-0.001660 
-0.001580 
-0.001210 
-0.000640 
-0.000050 
0.000410 
0.000670 
0.000780 
0.000800 
0.000760 
0.000670 
0.000490 
0.000220 
-0.000090 
-0.000290 
-0.000270 
-0.000010 
0.000400 
0.000820 
0.001150 
0.001330 
0.001340 
0.001210 
0.000970 
0.000680 
0.000410 
0.000210 
0.000160 
0.000260 
0.000470 
0.000680 
0.000780 
0.000700 
0.000460 
0.000180 
-0.000060 
-0.000240 
-0.000390 
-0.000560 
-0.000730 
-0.000830 
-0.000790 
-0.000620 
-0.000430 
-0.000400 
-0.000640 
-0.001120 
-0.001660 
-0.002090 
-0.002240 
-0.002110 
-0.001760 
-0.001320 
-0.000890 
-0.000510 
-0.000190 
0.000050 
0.000190 
0.000200 
0.000030 
-0.000270 
-0.000620 
-0.000850 
-0.000870 
-0.000680 
-0.000300 
0.000170 
0.000660 
0.001110 
0.001450 
0.001630 
0.001620 
0.001470 
0.001280 
0.001160 
0.001160 
0.001250 
0.001340 
0.001340 
0.001200 
0.000960 
0.000720 
0.000510 
0.000340 
0.000180 
0.000030 
-0.000050 
0.000000 
0.000240 
0.000630 
0.001070 
0.001360 
0.001350 
0.000960 
0.000270 
-0.000520 
-0.001170 
-0.001540 
-0.001640 
-0.001520 
-0.001260 
-0.000890 
-0.000460 
-0.000050 
0.000220 
0.000260 
0.000040 
-0.000380 
-0.000870 
-0.001270 
-0.001500 
-0.001460 
-0.001150 
-0.000630 
0.000000 
0.000600 
0.001040 
0.001200 
0.001020 
0.000530 
-0.000130 
-0.000760 
-0.001210 
-0.001380 
-0.001270 
-0.000960 
-0.000550 
-0.000100 
0.000360 
0.000770 
0.001060 
0.001140 
0.000940 
0.000500 
-0.000060 
-0.000520 
-0.000730 
-0.000670 
-0.000450 
-0.000230 
-0.000100 
-0.000100 
-0.000190 
-0.000330 
-0.000490 
-0.000700 
-0.000940 
-0.001170 
-0.001280 
-0.001230 
-0.001010 
-0.000670 
-0.000340 
-0.000110 
-0.000040 
-0.000130 
-0.000340 
-0.000640 
-0.000980 
-0.001310 
-0.001590 
-0.001740 
-0.001690 
-0.001430 
-0.001020 
-0.000570 
-0.000150 
0.000180 
0.000440 
0.000640 
0.000760 
0.000770 
0.000630 
0.000360 
0.000100 
-0.000020 
0.000070 
0.000340 
0.000690 
0.000980 
0.001150 
0.001210 
0.001260 
0.001320 
0.001340 
0.001260 
0.001030 
0.000700 
0.000350 
0.000120 
0.000080 
0.000210 
0.000400 
0.000510 
0.000520 
0.000440 
0.000360 
0.000360 
0.000430 
0.000490 
0.000450 
0.000290 
0.000050 
-0.000220 
-0.000490 
-0.000770 
-0.001060 
-0.001360 
-0.001600 
-0.001680 
-0.001570 
-0.001270 
-0.000900 
-0.000520 
-0.000210 
0.000010 
0.000110 
0.000110 
0.000000 
-0.000190 
-0.000430 
-0.000630 
-0.000680 
-0.000580 
-0.000330 
-0.000020 
0.000230 
0.000320 
0.000220 
0.000030 
-0.000170 
-0.000300 
-0.000340 
-0.000290 
-0.000110 
0.000210 
0.000710 
0.001310 
0.001880 
0.002200 
0.002160 
0.001750 
0.001070 
0.000320 
-0.000370 
-0.000900 
-0.001270 
-0.001460 
-0.001460 
-0.001290 
-0.000980 
-0.000600 
-0.000270 
-0.000080 
-0.000080 
-0.000260 
-0.000510 
-0.000690 
-0.000730 
-0.000630 
-0.000460 
-0.000320 
-0.000280 
-0.000340 
-0.000500 
-0.000760 
-0.001130 
-0.001560 
-0.001950 
-0.002200 
-0.002210 
-0.001940 
-0.001390 
-0.000670 
0.000130 
0.000880 
0.001480 
0.001840 
0.001870 
0.001570 
0.000980 
0.000250 
-0.000420 
-0.000850 
-0.000950 
-0.000760 
-0.000410 
-0.000020 
0.000350 
0.000650 
0.000910 
0.001140 
0.001290 
0.001310 
0.001170 
0.000920 
0.000680 
0.000600 
0.000750 
0.001070 
0.001390 
0.001510 
0.001380 
0.001030 
0.000570 
0.000120 
-0.000300 
-0.000650 
-0.000930 
-0.001080 
-0.001030 
-0.000770 
-0.000380 
0.000020 
0.000320 
0.000450 
0.000410 
0.000210 
-0.000120 
-0.000570 
-0.001080 
-0.001590 
-0.001990 
-0.002190 
-0.002120 
-0.001830 
-0.001440 
-0.001080 
-0.000870 
-0.000790 
-0.000720 
-0.000590 
-0.000390 
-0.000180 
-0.000030 
0.000050 
0.000110 
0.000250 
0.000480 
0.000740 
0.000910 
0.000910 
0.000710 
0.000390 
0.000080 
-0.000090 
-0.000040 
0.000180 
0.000510 
0.000880 
0.001210 
0.001440 
0.001530 
0.001450 
0.001170 
0.000700 
0.000120 
-0.000430 
-0.000820 
-0.000990 
-0.000970 
-0.000820 
-0.000620 
-0.000370 
-0.000100 
0.000150 
0.000260 
0.000140 
-0.000190 
-0.000590 
-0.000910 
-0.001040 
-0.000980 
-0.000810 
-0.000660 
-0.000610 
-0.000680 
-0.000790 
-0.000850 
-0.000820 
-0.000700 
-0.000540 
-0.000380 
-0.000240 
-0.000030 
0.000310 
0.000740 
0.001120 
0.001290 
0.001170 
0.000800 
0.000330 
-0.000060 
-0.000270 
-0.000270 
-0.000110 
0.000210 
0.000630 
0.001090 
0.001500 
0.001810 
0.001960 
0.001960 
0.001850 
0.001720 
0.001610 
0.001540 
0.001510 
0.001490 
0.001440 
0.001370 
0.001310 
0.001260 
0.001160 
0.000930 
0.000550 
0.000110 
-0.000250 
-0.000390 
-0.000280 
0.000000 
0.000280 
0.000440 
0.000450 
0.000360 
0.000230 
0.000040 
-0.000230 
-0.000630 
-0.001140 
-0.001680 
-0.002120 
-0.002370 
-0.002420 
-0.002310 
-0.002100 
-0.001870 
-0.001660 
-0.001460 
-0.001240 
-0.001020 
-0.000850 
-0.000770 
-0.000740 
-0.000690 
-0.000530 
-0.000280 
-0.000010 
0.000160 
0.000160 
0.000050 
-0.000090 
-0.000200 
-0.000250 
-0.000270 
-0.000240 
-0.000150 
0.000040 
0.000370 
0.000830 
0.001340 
0.001760 
0.001950 
0.001860 
0.001510 
0.001050 
0.000620 
0.000320 
0.000100 
-0.000080 
-0.000210 
-0.000220 
-0.000100 
0.000150 
0.000410 
0.000560 
0.000520 
0.000350 
0.000150 
-0.000010 
-0.000080 
-0.000060 
0.000030 
0.000160 
0.000300 
0.000400 
0.000430 
0.000360 
0.000160 
-0.000130 
-0.000420 
-0.000620 
-0.000640 
-0.000450 
-0.000110 
0.000280 
0.000600 
0.000800 
0.000880 
0.000870 
0.000760 
0.000550 
0.000250 
-0.000090 
-0.000310 
-0.000270 
0.000060 
0.000580 
0.001110 
0.001500 
0.001690 
0.001700 
0.001600 
0.001440 
0.001230 
0.000950 
0.000630 
0.000300 
0.000060 
-0.000040 
0.000030 
0.000220 
0.000400 
0.000470 
0.000410 
0.000280 
0.000200 
0.000240 
0.000380 
0.000550 
0.000680 
0.000740 
0.000740 
0.000700 
0.000580 
0.000330 
-0.000080 
-0.000600 
-0.001080 
-0.001390 
-0.001480 
-0.001380 
-0.001180 
-0.000940 
-0.000670 
-0.000360 
-0.000040 
0.000260 
0.000430 
0.000390 
0.000110 
-0.000320 
-0.000740 
-0.000980 
-0.000960 
-0.000730 
-0.000400 
-0.000090 
0.000170 
0.000380 
0.000560 
0.000670 
0.000650 
0.000490 
0.000210 
-0.000080 
-0.000250 
-0.000210 
0.000050 
0.000430 
0.000810 
0.001070 
0.001160 
0.001080 
0.000820 
0.000410 
-0.000120 
-0.000690 
-0.001150 
-0.001400 
-0.001400 
-0.001200 
-0.000860 
-0.000490 
-0.000190 
0.000000 
0.000090 
0.000080 
-0.000040 
-0.000270 
-0.000590 
-0.000920 
-0.001130 
-0.001150 
-0.000970 
-0.000660 
-0.000370 
-0.000210 
-0.000210 
-0.000340 
-0.000500 
-0.000600 
-0.000600 
-0.000500 
-0.000340 
-0.000130 
0.000140 
0.000460 
0.000780 
0.001000 
0.001060 
0.000920 
0.000610 
0.000270 
0.000000 
-0.000140 
-0.000160 
-0.000060 
0.000150 
0.000470 
0.000850 
0.001240 
0.001530 
0.001610 
0.001450 
0.001100 
0.000690 
0.000310 
0.000020 
-0.000180 
-0.000300 
-0.000380 
-0.000400 
-0.000320 
-0.000120 
0.000130 
0.000330 
0.000400 
0.000310 
0.000120 
-0.000040 
-0.000110 
-0.000090 
-0.000080 
-0.000160 
-0.000310 
-0.000480 
-0.000610 
-0.000710 
-0.000800 
-0.000890 
-0.001020 
-0.001120 
-0.001130 
-0.001010 
-0.000780 
-0.000500 
-0.000220 
-0.000030 
0.000040 
0.000050 
0.000040 
0.000030 
-0.000030 
-0.000150 
-0.000320 
-0.000500 
-0.000580 
-0.000510 
-0.000310 
-0.000070 
0.000130 
0.000250 
0.000320 
0.000400 
0.000490 
0.000590 
0.000700 
0.000790 
0.000890 
0.000980 
0.001020 
0.000950 
0.000740 
0.000410 
0.000020 
-0.000360 
-0.000630 
-0.000750 
-0.000750 
-0.000710 
-0.000680 
-0.000650 
-0.000600 
-0.000490 
-0.000370 
-0.000330 
-0.000450 
-0.000740 
-0.001080 
-0.001310 
-0.001330 
-0.001160 
-0.000930 
-0.000750 
-0.000680 
-0.000670 
-0.000660 
-0.000580 
-0.000460 
-0.000370 
-0.000340 
-0.000360 
-0.000360 
-0.000250 
0.000030 
0.000460 
0.000910 
0.001250 
0.001390 
0.001330 
0.001120 
0.000840 
0.000550 
0.000270 
0.000050 
-0.000040 
0.000060 
0.000360 
0.000760 
0.001130 
0.001360 
0.001400 
0.001320 
0.001150 
0.000910 
0.000560 
0.000100 
-0.000370 
-0.000700 
-0.000750 
-0.000510 
-0.000100 
0.000310 
0.000520 
0.000450 
0.000160 
-0.000230 
-0.000590 
-0.000860 
-0.001010 
-0.001090 
-0.001120 
-0.001050 
-0.000820 
-0.000420 
0.000060 
0.000450 
0.000550 
