-0.000530 
-0.000080 
0.000650 
0.001490 
0.002150 
0.002350 
0.001960 
0.001070 
-0.000190 
-0.001510 
-0.002250 
-0.001410 
0.001620 
0.006270 
0.010660 
0.012440 
0.010060 
0.003650 
-0.004870 
-0.012380 
-0.015730 
-0.013010 
-0.004480 
0.006980 
0.016870 
0.020990 
0.017590 
0.008420 
-0.002040 
-0.008900 
-0.009380 
-0.004150 
0.003240 
0.008230 
0.007550 
0.001000 
-0.008290 
-0.015240 
-0.015410 
-0.007580 
0.005280 
0.017230 
0.022420 
0.018030 
0.005940 
-0.008070 
-0.017190 
-0.017030 
-0.008040 
0.004760 
0.014300 
0.015210 
0.006640 
-0.007120 
-0.018770 
-0.021790 
-0.013940 
0.001330 
0.016540 
0.023990 
0.019820 
0.006080 
-0.010270 
-0.020950 
-0.020620 
-0.009700 
0.005890 
0.017770 
0.019500 
0.009990 
-0.005910 
-0.019870 
-0.024500 
-0.017170 
-0.001430 
0.014880 
0.023610 
0.020540 
0.007500 
-0.008590 
-0.019390 
-0.019440 
-0.008980 
0.006220 
0.017910 
0.019740 
0.010600 
-0.004790 
-0.018420 
-0.023130 
-0.016410 
-0.001590 
0.013850 
0.022250 
0.019630 
0.007740 
-0.007030 
-0.016950 
-0.017100 
-0.007790 
0.005620 
0.015710 
0.016910 
0.008460 
-0.005280 
-0.017100 
-0.020810 
-0.014390 
-0.001010 
0.012630 
0.019850 
0.017330 
0.006760 
-0.006170 
-0.014810 
-0.015030 
-0.007240 
0.003920 
0.012160 
0.012870 
0.005560 
-0.005960 
-0.015620 
-0.018290 
-0.012450 
-0.000940 
0.010540 
0.016430 
0.014080 
0.005060 
-0.005780 
-0.012910 
-0.012950 
-0.006370 
0.002970 
0.009860 
0.010570 
0.004730 
-0.004510 
-0.012230 
-0.014260 
-0.009430 
-0.000070 
0.009190 
0.013800 
0.011640 
0.004000 
-0.005110 
-0.011090 
-0.011120 
-0.005500 
0.002550 
0.008700 
0.009740 
0.005260 
-0.002240 
-0.008690 
-0.010610 
-0.006880 
0.000660 
0.008210 
0.011970 
0.010120 
0.003690 
-0.004030 
-0.009200 
-0.009380 
-0.004750 
0.002110 
0.007530 
0.008720 
0.005170 
-0.001140 
-0.006830 
-0.008870 
-0.006210 
-0.000240 
0.005940 
0.009150 
0.007790 
0.002630 
-0.003640 
-0.007780 
-0.007770 
-0.003750 
0.002070 
0.006560 
0.007380 
0.004120 
-0.001490 
-0.006530 
-0.008450 
-0.006350 
-0.001430 
0.003680 
0.006330 
0.005230 
0.001070 
-0.003870 
-0.006950 
-0.006550 
-0.002950 
0.001900 
0.005410 
0.005710 
0.002650 
-0.002140 
-0.006140 
-0.007280 
-0.004990 
-0.000440 
0.004030 
0.006230 
0.005190 
0.001640 
-0.002410 
-0.004790 
-0.004290 
-0.001280 
0.002510 
0.004930 
0.004580 
0.001560 
-0.002610 
-0.005760 
-0.006230 
-0.003700 
0.000630 
0.004690 
0.006630 
0.005690 
0.002610 
-0.000870 
-0.002920 
-0.002600 
-0.000280 
0.002540 
0.004150 
0.003480 
0.000730 
-0.002780 
-0.005250 
-0.005380 
-0.002990 
0.000860 
0.004410 
0.006050 
0.005150 
0.002310 
-0.001000 
-0.003170 
-0.003300 
-0.001600 
0.000790 
0.002400 
0.002260 
0.000390 
-0.002250 
-0.004210 
-0.004390 
-0.002550 
0.000480 
0.003310 
0.004600 
0.003760 
0.001230 
-0.001770 
-0.003870 
-0.004200 
-0.002810 
-0.000580 
0.001240 
0.001680 
0.000560 
-0.001440 
-0.003160 
-0.003580 
-0.002390 
-0.000110 
0.002140 
0.003210 
0.002550 
0.000450 
-0.002080 
-0.003840 
-0.004020 
-0.002600 
-0.000340 
0.001610 
0.002340 
0.001610 
-0.000050 
-0.001610 
-0.002150 
-0.001290 
0.000560 
0.002460 
0.003400 
0.002860 
0.001080 
-0.001060 
-0.002490 
-0.002530 
-0.001180 
0.000830 
0.002480 
0.002930 
0.002010 
0.000240 
-0.001430 
-0.002100 
-0.001430 
0.000220 
0.002010 
0.003010 
0.002750 
0.001430 
-0.000210 
-0.001280 
-0.001230 
-0.000130 
0.001370 
0.002390 
0.002290 
0.001020 
-0.000840 
-0.002410 
-0.002930 
-0.002180 
-0.000560 
0.001110 
0.002020 
0.001790 
0.000610 
-0.000870 
-0.001880 
-0.001950 
-0.001150 
-0.000020 
0.000690 
0.000480 
-0.000640 
-0.002170 
-0.003320 
-0.003470 
-0.002460 
-0.000700 
0.001070 
0.002090 
0.002010 
0.000990 
-0.000380 
-0.001370 
-0.001570 
-0.001020 
-0.000170 
0.000350 
0.000160 
-0.000740 
-0.001890 
-0.002650 
-0.002520 
-0.001360 
0.000460 
0.002270 
0.003380 
0.003420 
0.002500 
0.001130 
-0.000040 
-0.000540 
-0.000300 
0.000340 
0.000820 
0.000740 
0.000020 
-0.001010 
-0.001760 
-0.001740 
-0.000810 
0.000710 
0.002200 
0.003020 
0.002790 
0.001620 
0.000020 
-0.001370 
-0.002030 
-0.001830 
-0.001060 
-0.000210 
0.000220 
0.000050 
-0.000550 
-0.001150 
-0.001320 
-0.000870 
0.000060 
0.001020 
0.001520 
0.001250 
0.000290 
-0.000970 
-0.001950 
-0.002250 
-0.001770 
-0.000800 
0.000160 
0.000640 
0.000450 
-0.000270 
-0.001120 
-0.001650 
-0.001650 
-0.001150 
-0.000470 
0.000020 
0.000070 
-0.000280 
-0.000760 
-0.001040 
-0.000850 
-0.000210 
0.000640 
0.001310 
0.001500 
0.001100 
0.000280 
-0.000590 
-0.001150 
-0.001200 
-0.000790 
-0.000180 
0.000330 
0.000530 
0.000420 
0.000190 
0.000090 
0.000300 
0.000770 
0.001290 
0.001570 
0.001420 
0.000810 
-0.000020 
-0.000780 
-0.001170 
-0.001110 
-0.000680 
-0.000130 
0.000290 
0.000420 
0.000310 
0.000130 
0.000100 
0.000330 
0.000740 
0.001140 
0.001250 
0.000930 
0.000200 
-0.000730 
-0.001520 
-0.001890 
-0.001730 
-0.001140 
-0.000360 
0.000320 
0.000680 
0.000700 
0.000530 
0.000380 
0.000390 
0.000560 
0.000740 
0.000700 
0.000310 
-0.000430 
-0.001290 
-0.001970 
-0.002210 
-0.001880 
-0.001100 
-0.000150 
0.000650 
0.001060 
0.001010 
0.000630 
0.000140 
-0.000230 
-0.000380 
-0.000350 
-0.000290 
-0.000370 
-0.000630 
-0.000990 
-0.001270 
-0.001280 
-0.000940 
-0.000340 
0.000300 
0.000730 
0.000780 
0.000460 
-0.000060 
-0.000540 
-0.000770 
-0.000690 
-0.000360 
0.000050 
0.000350 
0.000430 
0.000310 
0.000100 
-0.000070 
-0.000100 
-0.000010 
0.000110 
0.000170 
0.000100 
-0.000070 
-0.000210 
-0.000210 
0.000010 
0.000440 
0.000930 
0.001320 
0.001450 
0.001270 
0.000840 
0.000290 
