-0.001330 
-0.001970 
-0.001740 
0.000050 
0.003290 
0.006740 
0.008360 
0.006540 
0.001510 
-0.004070 
-0.006540 
-0.003790 
0.003230 
0.011350 
0.017220 
0.018550 
0.014460 
0.005750 
-0.004610 
-0.011930 
-0.012230 
-0.005370 
0.004050 
0.009820 
0.008500 
0.001530 
-0.006710 
-0.012000 
-0.012070 
-0.006660 
0.002540 
0.011810 
0.016470 
0.013830 
0.005510 
-0.003380 
-0.007840 
-0.006190 
-0.000460 
0.005460 
0.008020 
0.005500 
-0.001210 
-0.008720 
-0.012810 
-0.011040 
-0.004480 
0.003110 
0.007770 
0.007620 
0.003280 
-0.002880 
-0.007780 
-0.008780 
-0.005130 
0.001230 
0.006580 
0.007940 
0.004990 
-0.000080 
-0.004450 
-0.006260 
-0.005010 
-0.001390 
0.002830 
0.005320 
0.004500 
0.000910 
-0.003070 
-0.004930 
-0.003820 
-0.000760 
0.002500 
0.004480 
0.004360 
0.002070 
-0.001450 
-0.004390 
-0.005090 
-0.003340 
-0.000430 
0.001860 
0.002600 
0.001880 
0.000370 
-0.001130 
-0.001810 
-0.001080 
0.000830 
0.002760 
0.003360 
0.002130 
-0.000250 
-0.002560 
-0.003860 
-0.003790 
-0.002420 
-0.000280 
0.001610 
0.002290 
0.001510 
0.000080 
-0.000830 
-0.000600 
0.000480 
0.001690 
0.002380 
0.002150 
0.000890 
-0.001110 
-0.002990 
-0.003790 
-0.003150 
-0.001600 
-0.000090 
0.000760 
0.000850 
0.000450 
-0.000110 
-0.000450 
-0.000220 
0.000580 
0.001430 
0.001610 
0.000800 
-0.000690 
-0.002200 
-0.003190 
-0.003400 
-0.002830 
-0.001700 
-0.000500 
0.000220 
0.000190 
-0.000300 
-0.000660 
-0.000550 
0.000000 
0.000670 
0.001130 
0.001150 
0.000590 
-0.000420 
-0.001440 
-0.001920 
-0.001610 
-0.000730 
0.000200 
0.000800 
0.000940 
0.000710 
0.000280 
-0.000080 
-0.000090 
0.000290 
0.000780 
0.000960 
0.000620 
-0.000070 
-0.000760 
-0.001130 
-0.001070 
-0.000580 
0.000160 
0.000850 
0.001160 
0.000970 
0.000500 
0.000120 
0.000050 
0.000260 
0.000540 
0.000730 
0.000700 
0.000400 
-0.000110 
-0.000600 
-0.000780 
-0.000570 
-0.000130 
0.000220 
0.000320 
0.000150 
-0.000190 
-0.000550 
-0.000780 
-0.000740 
-0.000420 
-0.000010 
0.000250 
0.000240 
0.000030 
-0.000220 
-0.000410 
-0.000500 
-0.000480 
-0.000360 
-0.000220 
-0.000190 
-0.000310 
-0.000500 
-0.000610 
-0.000540 
-0.000330 
-0.000050 
0.000230 
0.000420 
0.000430 
0.000220 
-0.000100 
-0.000390 
-0.000540 
-0.000590 
-0.000600 
-0.000650 
-0.000710 
-0.000750 
-0.000760 
-0.000680 
-0.000470 
-0.000140 
0.000230 
0.000530 
0.000710 
0.000780 
0.000770 
0.000640 
0.000390 
0.000070 
-0.000220 
-0.000390 
-0.000420 
-0.000350 
-0.000210 
-0.000040 
0.000140 
0.000320 
0.000500 
0.000710 
0.000910 
0.000990 
0.000860 
0.000520 
0.000070 
-0.000320 
-0.000590 
-0.000690 
-0.000670 
-0.000560 
-0.000430 
-0.000280 
-0.000110 
0.000130 
0.000420 
0.000700 
0.000830 
0.000780 
0.000550 
0.000210 
-0.000180 
-0.000560 
-0.000840 
-0.000960 
-0.000920 
-0.000760 
-0.000570 
-0.000410 
-0.000270 
-0.000130 
0.000030 
0.000190 
0.000360 
0.000450 
0.000380 
0.000120 
-0.000260 
-0.000640 
-0.000890 
-0.000960 
-0.000850 
-0.000640 
-0.000390 
-0.000160 
0.000000 
0.000110 
0.000200 
0.000300 
0.000410 
0.000480 
0.000460 
0.000340 
0.000140 
-0.000070 
-0.000240 
-0.000300 
-0.000210 
-0.000020 
0.000200 
0.000360 
0.000460 
0.000510 
0.000540 
0.000570 
0.000610 
0.000640 
0.000660 
0.000640 
0.000570 
0.000470 
0.000380 
0.000320 
0.000280 
0.000260 
0.000220 
0.000170 
0.000090 
0.000010 
-0.000070 
-0.000080 
-0.000020 
0.000100 
0.000220 
0.000310 
0.000330 
0.000310 
0.000260 
0.000190 
0.000110 
-0.000010 
-0.000180 
-0.000420 
-0.000710 
-0.000980 
-0.001130 
-0.001140 
-0.001020 
-0.000810 
-0.000570 
-0.000350 
-0.000180 
-0.000070 
0.000000 
0.000030 
0.000010 
-0.000080 
-0.000260 
-0.000530 
-0.000830 
-0.001090 
-0.001260 
-0.001300 
-0.001200 
-0.000960 
-0.000630 
-0.000260 
0.000110 
0.000430 
0.000690 
0.000840 
0.000860 
0.000730 
0.000470 
0.000120 
-0.000250 
-0.000590 
-0.000810 
-0.000880 
-0.000790 
-0.000590 
-0.000300 
0.000040 
0.000420 
0.000790 
0.001080 
0.001230 
0.001200 
0.001000 
0.000690 
0.000350 
0.000040 
-0.000200 
-0.000380 
-0.000500 
-0.000550 
-0.000530 
-0.000420 
-0.000250 
-0.000070 
0.000080 
0.000170 
0.000210 
0.000210 
0.000180 
0.000100 
-0.000070 
-0.000310 
-0.000570 
-0.000770 
-0.000830 
-0.000730 
-0.000550 
-0.000370 
-0.000260 
-0.000230 
-0.000220 
-0.000150 
-0.000030 
0.000110 
0.000180 
0.000130 
-0.000030 
-0.000220 
-0.000350 
-0.000360 
-0.000290 
-0.000180 
-0.000100 
-0.000060 
-0.000040 
0.000000 
0.000070 
0.000130 
0.000160 
0.000150 
0.000140 
0.000170 
0.000280 
0.000440 
0.000600 
0.000720 
0.000760 
0.000760 
0.000720 
0.000670 
0.000570 
0.000400 
0.000190 
-0.000030 
-0.000170 
-0.000190 
-0.000100 
0.000040 
0.000180 
0.000310 
0.000440 
0.000600 
0.000760 
0.000870 
0.000870 
0.000720 
0.000440 
0.000120 
-0.000170 
-0.000360 
-0.000470 
-0.000510 
-0.000500 
-0.000430 
-0.000290 
-0.000090 
0.000170 
0.000420 
0.000620 
0.000740 
0.000760 
0.000700 
0.000530 
0.000280 
-0.000040 
-0.000360 
-0.000630 
-0.000770 
-0.000770 
-0.000650 
-0.000450 
-0.000230 
0.000000 
0.000200 
0.000380 
0.000520 
0.000560 
0.000490 
0.000310 
0.000060 
-0.000180 
-0.000390 
-0.000530 
-0.000640 
-0.000700 
-0.000720 
-0.000650 
-0.000510 
-0.000300 
-0.000090 
0.000070 
0.000130 
0.000110 
0.000060 
0.000010 
-0.000020 
-0.000050 
-0.000110 
-0.000200 
-0.000280 
-0.000340 
-0.000370 
-0.000380 
-0.000400 
-0.000440 
-0.000460 
-0.000450 
-0.000370 
-0.000260 
-0.000160 
-0.000100 
-0.000060 
-0.000010 
0.000100 
0.000240 
0.000360 
0.000380 
0.000290 
0.000110 
-0.000100 
-0.000260 
-0.000350 
-0.000370 
-0.000350 
-0.000310 
-0.000250 
-0.000140 
