dt=0.005
3.78780E-07
3.52660E-07
3.86170E-07
3.30270E-07
3.04190E-07
4.27140E-07
3.11670E-07
3.15420E-07
4.08590E-07
3.52760E-07
2.96930E-07
4.19930E-07
3.64130E-07
3.67930E-07
4.31350E-07
2.56350E-07
3.79390E-07
4.42830E-07
4.46670E-07
3.90910E-07
4.24560E-07
4.88020E-07
4.58360E-07
4.21240E-07
5.14520E-07
5.03490E-07
5.07370E-07
4.51640E-07
4.85320E-07
5.48810E-07
5.52690E-07
4.37370E-07
5.60470E-07
5.64350E-07
5.68240E-07
5.12520E-07
5.76000E-07
6.39490E-07
5.83770E-07
4.68430E-07
5.31910E-07
4.76170E-07
4.80040E-07
5.43500E-07
6.06960E-07
5.81010E-07
5.84850E-07
5.58880E-07
5.03110E-07
5.96330E-07
6.15040E-07
5.44340E-07
6.07730E-07
5.81710E-07
5.66850E-07
6.11590E-07
6.02290E-07
6.04160E-07
6.41400E-07
6.56280E-07
6.52520E-07
6.26390E-07
6.44940E-07
7.67790E-07
6.52200E-07
5.96190E-07
6.89180E-07
6.92740E-07
6.66480E-07
6.25290E-07
6.28780E-07
7.06760E-07
6.20800E-07
6.46570E-07
6.35070E-07
6.60790E-07
6.71580E-07
5.85490E-07
5.92500E-07
6.53490E-07
6.80700E-07
6.56880E-07
6.17900E-07
6.84820E-07
6.53450E-07
6.31360E-07
6.80940E-07
6.98830E-07
7.25980E-07
6.37620E-07
7.14060E-07
7.32710E-07
6.98240E-07
6.33920E-07
6.73870E-07
7.06320E-07
7.23820E-07
6.51870E-07
7.28890E-07
7.46240E-07
6.74150E-07
7.58460E-07
7.68210E-07
7.85360E-07
7.89420E-07
7.54770E-07
7.58250E-07
7.86350E-07
7.13810E-07
8.12570E-07
7.99510E-07
7.41690E-07
6.98700E-07
8.19560E-07
7.31730E-07
7.63050E-07
7.94300E-07
7.95680E-07
7.96980E-07
7.53510E-07
8.29180E-07
7.55750E-07
8.18230E-07
7.76310E-07
8.03240E-07
7.74200E-07
7.59990E-07
8.05290E-07
7.76010E-07
8.36050E-07
8.36390E-07
8.06840E-07
8.66610E-07
8.96490E-07
7.77250E-07
8.36740E-07
7.76930E-07
8.95820E-07
8.65610E-07
7.75700E-07
7.75080E-07
8.33970E-07
7.13940E-07
7.57710E-07
7.26870E-07
8.15130E-07
7.84070E-07
7.52890E-07
7.21600E-07
8.09400E-07
7.03370E-07
6.64280E-07
7.21920E-07
7.90610E-07
7.04340E-07
7.22730E-07
7.57510E-07
7.17660E-07
6.85130E-07
7.12060E-07
7.09070E-07
6.76130E-07
7.92060E-07
7.29040E-07
6.95680E-07
6.32370E-07
7.32830E-07
6.69230E-07
6.94890E-07
6.90590E-07
7.01040E-07
7.18790E-07
7.66180E-07
6.56950E-07
6.81670E-07
6.31720E-07
6.26310E-07
6.95240E-07
6.44790E-07
6.53770E-07
6.92390E-07
6.71220E-07
6.20080E-07
6.73070E-07
6.51370E-07
6.44390E-07
5.92520E-07
6.59680E-07
5.92530E-07
5.40100E-07
5.17270E-07
6.43270E-07
5.75350E-07
5.81740E-07
5.73030E-07
5.97640E-07
5.40090E-07
5.82920E-07
4.76520E-07
5.41280E-07
4.56810E-07
4.01930E-07
5.25650E-07
4.85230E-07
4.74390E-07
4.33530E-07
4.07340E-07
4.40530E-07
4.28790E-07
3.49750E-07
3.59890E-07
3.84690E-07
2.90050E-07
3.44170E-07
3.01190E-07
2.57970E-07
3.33700E-07
2.89980E-07
2.55320E-07
2.31570E-07
2.24340E-07
2.24300E-07
1.49480E-07
9.67600E-08
1.77880E-07
1.24620E-07
1.04620E-07
9.55200E-08
7.86950E-08
-2.03640E-08
3.30350E-08
-5.11860E-09
-7.15390E-10
5.74180E-08
3.79630E-08
-1.62430E-08
-5.95660E-08
1.92580E-10
2.84230E-09
-9.91160E-08
-1.34320E-07
-1.40030E-07
-1.68400E-07
-1.89620E-07
-1.73910E-07
-1.97620E-07
-2.42370E-07
-2.62760E-07
-3.07920E-07
-2.71440E-07
-3.76850E-07
-3.55930E-07
-3.05530E-07
-3.59770E-07
-4.59050E-07
-4.69260E-07
-5.09620E-07
-4.79530E-07
-5.93200E-07
-5.11650E-07
-5.29160E-07
-6.12210E-07
-6.62090E-07
-6.82510E-07
-7.25650E-07
-6.79730E-07
-7.68290E-07
-7.67800E-07
-7.67670E-07
-8.72220E-07
-8.72830E-07
-9.03610E-07
-9.64570E-07
-9.51400E-07
-9.53500E-07
-1.01560E-06
-1.07810E-06
-1.11110E-06
-1.09610E-06
-1.16640E-06
-1.15290E-06
-1.23220E-06
-1.22250E-06
-1.28770E-06
-1.36820E-06
-1.46400E-06
-1.50050E-06
-1.47790E-06
-1.45570E-06
-1.49350E-06
-1.56150E-06
-1.65970E-06
-1.75830E-06
-1.67850E-06
-1.83750E-06
-1.81820E-06
-1.82900E-06
-1.89990E-06
-1.94140E-06
-1.98330E-06
-2.02570E-06
-2.08340E-06
-2.02220E-06
-2.00630E-06
-2.08010E-06
-2.20280E-06
-2.21120E-06
-2.21480E-06
-2.31280E-06
-2.30680E-06
-2.33860E-06
-2.43040E-06
-2.47790E-06
-2.52580E-06
-2.54440E-06
-2.56350E-06
-2.67240E-06
-2.63270E-06
-2.68280E-06
-2.73350E-06
-3.02290E-06
-2.95520E-06
-2.97740E-06
-3.02980E-06
-3.05280E-06
-3.07630E-06
-3.24930E-06
-3.24390E-06
-3.35810E-06
-3.38340E-06
-3.43900E-06
-3.46520E-06
-3.52160E-06
-3.54870E-06
-3.66570E-06
-3.72350E-06
-3.84140E-06
-3.81070E-06
-3.86980E-06
-3.98910E-06
-4.10870E-06
-4.07980E-06
-4.14830E-06
-4.20600E-06
-4.29110E-06
-4.31900E-06
-4.41160E-06
-4.49710E-06
-4.54590E-06
-4.56530E-06
-4.67460E-06
-4.73960E-06
-4.71560E-06
-4.93050E-06
-4.90750E-06
-5.03390E-06
-5.04150E-06
-5.10910E-06
-5.17720E-06
-5.30540E-06
-5.37440E-06
-5.32460E-06
-5.51360E-06
-5.52430E-06
-5.59500E-06
-5.60650E-06
-5.79720E-06
-5.77980E-06
-5.85220E-06
-5.98460E-06
-6.08760E-06
-6.05690E-06
-6.16450E-06
-6.24460E-06
-6.34920E-06
-6.39280E-06
-6.48340E-06
-6.53710E-06
-6.62840E-06
-6.69040E-06
-6.70800E-06
-6.88990E-06
-6.99770E-06
-6.95690E-06
-7.09520E-06
-7.14450E-06
-7.22400E-06
-7.30380E-06
-7.41380E-06
-7.55400E-06
-7.42630E-06
-7.74590E-06
-7.73810E-06
-7.76040E-06
-7.75330E-06
-7.89540E-06
-8.00810E-06
-8.10630E-06
-8.18980E-06
-8.31830E-06
-8.42480E-06
-8.47940E-06
-8.51940E-06
-8.61930E-06
-8.75300E-06
-8.83490E-06
-8.87600E-06
-8.96200E-06
-9.12290E-06
-9.17220E-06
-9.19940E-06
-9.34600E-06
-9.50030E-06
-9.48350E-06
-9.60850E-06
-9.66660E-06
-9.78820E-06
-9.94720E-06
-9.92770E-06
-1.00570E-05
-1.01610E-05
-1.02900E-05
-1.04120E-05
-1.04030E-05
-1.04510E-05
-1.05890E-05
-1.06970E-05
-1.07720E-05
-1.08090E-05
-1.08990E-05
-1.10190E-05
-1.11540E-05
-1.11390E-05
-1.12440E-05
-1.14390E-05
-1.14990E-05
-1.15450E-05
-1.16650E-05
-1.17850E-05
-1.19010E-05
-1.19620E-05
-1.20140E-05
-1.21680E-05
-1.21530E-05
-1.22290E-05
-1.23850E-05
-1.24490E-05
-1.25720E-05
-1.26820E-05
-1.27260E-05
-1.28760E-05
-1.29630E-05
-1.30740E-05
-1.31250E-05
-1.30950E-05
-1.33250E-05
-1.33830E-05
-1.34000E-05
-1.34950E-05
-1.36120E-05
-1.37060E-05
-1.37850E-05
-1.38750E-05
-1.39430E-05
-1.40620E-05
-1.41310E-05
-1.41880E-05
-1.42980E-05
-1.44450E-05
-1.44730E-05
-1.45410E-05
-1.46270E-05
-1.47320E-05
-1.48390E-05
-1.48740E-05
-1.49770E-05
-1.50930E-05
-1.51270E-05
-1.51850E-05
-1.52540E-05
-1.53360E-05
-1.55020E-05
-1.55040E-05
-1.55940E-05
-1.56910E-05
-1.57430E-05
-1.58610E-05
-1.58740E-05
-1.59310E-05
-1.60020E-05
-1.60720E-05
-1.62010E-05
-1.62990E-05
-1.63970E-05
-1.63660E-05
-1.64540E-05
-1.64890E-05
-1.65750E-05
-1.66520E-05
-1.67070E-05
-1.67520E-05
-1.67820E-05
-1.68960E-05
-1.69740E-05
-1.69660E-05
-1.70230E-05
-1.71060E-05
-1.71210E-05
-1.71800E-05
-1.72220E-05
-1.72560E-05
-1.73850E-05
-1.73630E-05
-1.73780E-05
-1.74730E-05
-1.75220E-05
-1.76140E-05
-1.76670E-05
-1.76140E-05
-1.76650E-05
-1.76690E-05
-1.76410E-05
-1.77310E-05
-1.77600E-05
-1.77270E-05
-1.78720E-05
-1.77760E-05
-1.77680E-05
-1.79070E-05
-1.79250E-05
-1.79410E-05
-1.79250E-05
-1.79230E-05
-1.79920E-05
-1.79560E-05
-1.79840E-05
-1.80110E-05
-1.80120E-05
-1.80120E-05
-1.79950E-05
-1.80270E-05
-1.79680E-05
-1.79140E-05
-1.79020E-05
-1.80080E-05
-1.79470E-05
-1.79130E-05
-1.78910E-05
-1.78970E-05
-1.77820E-05
-1.79020E-05
-1.77810E-05
-1.77760E-05
-1.76800E-05
-1.76700E-05
-1.76270E-05
-1.76410E-05
-1.75640E-05
-1.74830E-05
-1.73990E-05
-1.74020E-05
-1.72820E-05
-1.72790E-05
-1.72570E-05
-1.71730E-05
-1.70410E-05
-1.69950E-05
-1.69020E-05
-1.68200E-05
-1.66970E-05
-1.66000E-05
-1.65830E-05
-1.64050E-05
-1.63510E-05
-1.62290E-05
-1.61410E-05
-1.60100E-05
-1.59010E-05
-1.57890E-05
-1.56870E-05
-1.56060E-05
-1.54700E-05
-1.52180E-05
-1.51930E-05
-1.49930E-05
-1.48930E-05
-1.46620E-05
-1.45470E-05
-1.44190E-05
-1.43330E-05
-1.40550E-05
-1.38930E-05
-1.37410E-05
-1.35550E-05
-1.33570E-05
-1.31470E-05
-1.29780E-05
-1.28260E-05
-1.25350E-05
-1.24030E-05
-1.22080E-05
-1.19470E-05
-1.17570E-05
-1.15320E-05
-1.13010E-05
-1.09920E-05
-1.07510E-05
-1.05660E-05
-1.02860E-05
-9.98530E-06
-9.81390E-06
-9.51800E-06
-9.16460E-06
-8.92870E-06
-8.78530E-06
-8.45560E-06
-8.20330E-06
-7.85230E-06
-7.60740E-06
-7.28240E-06
-6.90680E-06
-6.55530E-06
-6.27250E-06
-5.96880E-06
-5.62950E-06
-5.22450E-06
-4.90280E-06
-4.54530E-06
-4.18160E-06
-3.79680E-06
-3.43560E-06
-3.05310E-06
-2.66430E-06
-2.20950E-06
-1.80780E-06
-1.47400E-06
-9.84740E-07
-5.03720E-07
-1.50140E-07
2.25080E-07
7.67270E-07
1.17800E-06
1.58160E-06
2.06250E-06
2.45730E-06
3.00810E-06
3.58090E-06
4.10120E-06
4.59890E-06
5.02940E-06
5.51190E-06
6.01670E-06
6.51390E-06
7.12300E-06
7.66500E-06
8.18480E-06
8.78670E-06
9.30690E-06
9.89440E-06
1.04750E-05
1.11370E-05
1.16290E-05
1.22930E-05
1.28600E-05
1.34650E-05
1.40930E-05
1.47440E-05
1.53740E-05
1.60150E-05
1.67110E-05
1.74230E-05
1.80790E-05
1.87200E-05
1.94740E-05
2.01690E-05
2.08730E-05
2.16380E-05
2.23220E-05
2.30300E-05
2.38060E-05
2.45010E-05
2.53250E-05
2.60600E-05
2.68790E-05
2.76370E-05
2.84100E-05
2.92110E-05
3.00720E-05
3.09340E-05
3.17360E-05
3.24910E-05
3.34270E-05
3.42550E-05
3.51340E-05
3.60130E-05
3.69640E-05
3.78300E-05
3.87440E-05
3.97110E-05
4.06220E-05
4.15260E-05
4.24900E-05
4.34840E-05
4.43560E-05
4.53800E-05
4.63450E-05
4.74070E-05
4.83780E-05
4.94040E-05
5.04170E-05
5.15220E-05
5.24920E-05
5.36250E-05
5.46600E-05
5.58060E-05
5.68590E-05
5.79130E-05
5.90960E-05
6.02430E-05
6.12120E-05
6.24110E-05
6.35570E-05
6.47690E-05
6.59170E-05
6.71050E-05
6.83080E-05
6.95200E-05
7.06530E-05
7.19460E-05
7.31470E-05
7.43320E-05
7.56090E-05
7.69150E-05
7.81500E-05
7.94480E-05
8.07660E-05
8.20190E-05
8.34210E-05
8.46840E-05
8.60260E-05
8.73350E-05
8.87960E-05
9.00580E-05
9.14930E-05
9.28730E-05
9.43370E-05
9.56490E-05
9.70960E-05
9.84870E-05
9.99850E-05
1.01410E-04
1.02900E-04
1.04380E-04
1.05910E-04
1.07300E-04
1.08830E-04
1.10320E-04
1.11910E-04
1.13380E-04
1.14940E-04
1.16530E-04
1.18080E-04
1.19640E-04
1.21250E-04
1.22830E-04
1.24380E-04
1.26080E-04
1.27670E-04
1.29310E-04
1.30910E-04
1.32620E-04
1.34310E-04
1.36000E-04
1.37540E-04
1.39380E-04
1.41090E-04
1.42740E-04
1.44470E-04
1.46260E-04
1.47950E-04
1.49710E-04
1.51440E-04
1.53250E-04
1.54970E-04
1.56810E-04
1.58590E-04
1.60400E-04
1.62220E-04
1.64080E-04
1.65830E-04
1.67710E-04
1.69560E-04
1.71350E-04
1.73240E-04
1.75140E-04
1.77030E-04
1.78850E-04
1.80880E-04
1.82680E-04
1.84500E-04
1.86570E-04
1.88470E-04
1.90270E-04
1.92290E-04
1.94290E-04
1.96250E-04
1.98090E-04
2.00080E-04
2.02150E-04
2.04070E-04
2.05970E-04
2.08050E-04
2.10080E-04
2.12090E-04
2.14070E-04
2.16070E-04
2.18150E-04
2.20100E-04
2.22130E-04
2.24220E-04
2.26240E-04
2.28210E-04
2.30350E-04
2.32290E-04
2.34530E-04
2.36460E-04
2.38550E-04
2.40550E-04
2.42710E-04
2.44640E-04
2.46900E-04
2.48830E-04
2.51050E-04
2.53040E-04
2.55190E-04
2.57220E-04
2.59480E-04
2.61310E-04
2.63620E-04
2.65590E-04
2.67850E-04
2.69640E-04
2.71990E-04
2.73810E-04
2.76390E-04
2.77610E-04
2.80460E-04
2.82010E-04
2.85720E-04
2.84300E-04
2.89660E-04
2.88400E-04
3.05850E-04
2.59980E-04
3.40270E-04
3.23130E-04
-1.58250E-04
-2.41520E-04
-1.22320E-04
-2.15740E-04
-1.91000E-04
-1.86040E-04
-1.87590E-04
-1.84560E-04
-1.83780E-04
-1.80180E-04
-1.79070E-04
-1.76810E-04
-1.75060E-04
-1.72650E-04
-1.71030E-04
-1.68900E-04
-1.67110E-04
-1.65050E-04
-1.63200E-04
-1.61220E-04
-1.59430E-04
-1.57530E-04
-1.55570E-04
-1.53630E-04
-1.51810E-04
-1.49870E-04
-1.48100E-04
-1.46220E-04
-1.44430E-04
-1.42600E-04
-1.40830E-04
-1.38960E-04
-1.37230E-04
-1.35490E-04
-1.33680E-04
-1.31990E-04
-1.30290E-04
-1.28520E-04
-1.26770E-04
-1.25260E-04
-1.23640E-04
-1.21980E-04
-1.20310E-04
-1.18660E-04
-1.17090E-04
-1.15510E-04
-1.13990E-04
-1.12340E-04
-1.10790E-04
-1.09310E-04
-1.07740E-04
-1.06380E-04
-1.04970E-04
-1.03380E-04
-1.01970E-04
-1.00580E-04
-9.91560E-05
-9.78000E-05
-9.64050E-05
-9.50710E-05
-9.37110E-05
-9.24090E-05
-9.11200E-05
-8.99200E-05
-8.86890E-05
-8.74310E-05
-8.62390E-05
-8.50260E-05
-8.38340E-05
-8.27230E-05
-8.16090E-05
-8.05320E-05
-7.94750E-05
-7.84180E-05
-7.73820E-05
-7.63370E-05
-7.52780E-05
-7.43630E-05
-7.34930E-05
-7.25160E-05
-7.16570E-05
-7.07540E-05
-6.99800E-05
-6.90960E-05
-6.81870E-05
-6.74660E-05
-6.67060E-05
-6.59720E-05
-6.52640E-05
-6.45150E-05
-6.38740E-05
-6.32510E-05
-6.26220E-05
-6.20070E-05
-6.14200E-05
-6.08880E-05
-6.02850E-05
-5.98770E-05
-5.94140E-05
-5.90270E-05
-5.85550E-05
-5.82280E-05
-5.78000E-05
-5.74760E-05
-5.71150E-05
-5.68600E-05
-5.65560E-05
-5.63210E-05
-5.61360E-05
-5.60670E-05
-5.57430E-05
-5.56310E-05
-5.55430E-05
-5.54950E-05
-5.54040E-05
-5.54190E-05
-5.54440E-05
-5.54920E-05
-5.54760E-05
-5.56150E-05
-5.57000E-05
-5.58770E-05
-5.59760E-05
-5.62720E-05
-5.65010E-05
-5.67260E-05
-5.70570E-05
-5.74340E-05
-5.77210E-05
-5.81350E-05
-5.84450E-05
-5.89400E-05
-5.94060E-05
-5.99020E-05
-6.04880E-05
-6.10820E-05
-6.16470E-05
-6.23540E-05
-6.29050E-05
-6.36440E-05
-6.42640E-05
-6.51390E-05
-6.59110E-05
-6.67480E-05
-6.74480E-05
-6.84590E-05
-6.92750E-05
-7.03610E-05
-7.11000E-05
-7.23130E-05
-7.31370E-05
-7.43740E-05
-7.53360E-05
-7.65930E-05
-7.76650E-05
-7.89510E-05
-8.00070E-05
-8.14570E-05
-8.25540E-05
-8.40540E-05
-8.52490E-05
-8.68020E-05
-8.80850E-05
-8.97170E-05
-9.09840E-05
-9.27340E-05
-9.40340E-05
-9.59140E-05
-9.72720E-05
-9.91990E-05
-1.00520E-04
-1.02660E-04
-1.04110E-04
-1.06260E-04
-1.07640E-04
-1.09950E-04
-1.11470E-04
-1.13790E-04
-1.15210E-04
-1.17820E-04
-1.19230E-04
-1.21950E-04
-1.23310E-04
-1.26210E-04
-1.27540E-04
-1.30680E-04
-1.31930E-04
-1.35410E-04
-1.36520E-04
-1.40080E-04
-1.40870E-04
-1.45270E-04
-1.45740E-04
-1.50240E-04
-1.50060E-04
-1.56170E-04
-1.55210E-04
-1.61320E-04
-1.58420E-04
-1.69520E-04
-1.64050E-04
-1.74780E-04
-1.60850E-04
-1.94520E-04
-1.66220E-04
-2.03780E-04
-6.60590E-05
-5.08490E-04
2.26390E-04
4.83340E-05
-4.71660E-03
-5.11680E-03
-4.68350E-03
-5.50660E-03
-5.37500E-04
6.32080E-05
-4.30260E-04
-8.97900E-04
4.16890E-04
3.64280E-03
7.77270E-04
3.27290E-03
1.52110E-03
-1.59300E-03
6.51940E-04
-5.36040E-04
3.05850E-05
-6.03530E-04
-6.46370E-04
4.50840E-03
4.50550E-03
3.62900E-03
9.12020E-03
9.87260E-03
8.24520E-03
1.00630E-02
9.33930E-03
4.96300E-03
4.72910E-03
1.00870E-03
-5.32700E-03
-4.85780E-03
-4.58360E-03
-5.47620E-03
-4.74040E-03
-5.55630E-03
-5.34160E-03
-7.71110E-04
2.32230E-04
-1.40470E-03
4.07700E-04
-4.48630E-04
-4.27180E-03
-5.63660E-03
-8.60880E-03
-1.00120E-02
-1.42380E-02
-1.52720E-02
-1.02170E-02
-9.75940E-03
-6.50340E-03
-4.85580E-03
-2.14200E-03
4.36630E-03
8.63360E-03
8.76330E-03
9.22960E-03
9.37910E-03
4.83530E-03
4.55590E-03
9.00400E-04
-5.59160E-03
-4.75950E-03
-4.94260E-03
-6.03860E-03
-9.28920E-04
3.61090E-03
7.57030E-03
1.76160E-02
2.36970E-02
2.21860E-02
2.37770E-02
2.45030E-02
1.46980E-02
9.50190E-03
6.05390E-03
-3.70040E-03
-1.04210E-02
-1.36630E-02
-1.11150E-02
-9.46040E-03
-6.53130E-03
-4.93160E-03
-5.94960E-03
-4.46690E-03
-9.71820E-03
-1.51090E-02
-1.37050E-02
-1.91420E-02
-2.47570E-02
-2.00080E-02
-1.92080E-02
-1.67680E-02
-1.04020E-02
-6.39810E-03
-1.75660E-03
3.44240E-03
8.49240E-03
8.83600E-03
8.54740E-03
8.77020E-03
9.43940E-03
8.88160E-03
4.61970E-03
4.27210E-03
7.87630E-04
-6.24960E-03
-4.47050E-03
-5.35420E-03
-1.00500E-02
-6.78260E-03
-4.52810E-03
-2.40580E-03
3.97960E-04
-1.43030E-03
-4.89980E-03
-5.34650E-03
-9.08050E-03
-1.56270E-02
-1.45050E-02
-1.50670E-02
-1.63540E-02
-7.09650E-03
3.01500E-03
1.15030E-02
2.16460E-02
2.80160E-02
2.69050E-02
2.38640E-02
2.34320E-02
1.56290E-02
8.16780E-03
5.39790E-03
3.79820E-03
3.72900E-03
7.34980E-03
1.69610E-02
2.63930E-02
3.58850E-02
4.15290E-02
4.24390E-02
3.81940E-02
2.84010E-02
2.39180E-02
2.03910E-02
9.11820E-03
4.41110E-03
4.49540E-03
7.57030E-05
-1.31860E-03
-4.79670E-03
-6.47730E-03
-4.49000E-03
-9.68690E-03
-1.87990E-02
-2.83050E-02
-3.77920E-02
-4.38570E-02
-4.40180E-02
-3.99290E-02
-3.50060E-02
-3.10980E-02
-2.55060E-02
-2.11200E-02
-1.95220E-02
-2.09210E-02
-2.46130E-02
-2.11820E-02
-1.88700E-02
-2.15720E-02
-1.98810E-02
-1.69580E-02
-1.18470E-02
1.32550E-03
1.24840E-02
1.99170E-02
3.10520E-02
4.04240E-02
4.57000E-02
5.05850E-02
5.23420E-02
4.65460E-02
4.23030E-02
4.23280E-02
3.84070E-02
3.30290E-02
2.45790E-02
1.37410E-02
9.74900E-03
4.98080E-03
-4.17640E-03
-1.42540E-02
-2.75000E-02
-3.83640E-02
-4.71700E-02
-5.39130E-02
-5.38920E-02
-4.97820E-02
-4.49190E-02
-4.09640E-02
-3.55150E-02
-3.06810E-02
-2.98290E-02
-3.11350E-02
-2.98110E-02
-2.62370E-02
-2.50350E-02
-2.15640E-02
-2.06120E-02
-1.76830E-02
-7.17450E-03
1.12250E-03
1.44490E-02
3.45420E-02
4.91560E-02
5.80030E-02
6.93480E-02
7.46070E-02
7.11180E-02
6.64320E-02
5.33800E-02
4.25700E-02
3.48080E-02
2.03700E-02
5.01650E-03
-9.02610E-03
-1.55080E-02
-1.60410E-02
-8.54470E-03
6.85920E-03
1.68100E-02
1.71100E-02
1.35780E-02
4.70880E-03
-8.38980E-03
-2.33160E-02
-4.18580E-02
-5.29720E-02
-6.16380E-02
-6.84470E-02
-6.82160E-02
-6.88850E-02
-6.52690E-02
-5.63480E-02
-4.28230E-02
-2.33040E-02
-8.87630E-03
8.72930E-04
1.09430E-02
1.58190E-02
2.51470E-02
3.54710E-02
3.97760E-02
4.89150E-02
5.62280E-02
5.51640E-02
5.08310E-02
5.04680E-02
5.21980E-02
4.70270E-02
3.70720E-02
3.17290E-02
3.23010E-02
3.24310E-02
2.77910E-02
1.84840E-02
9.18880E-03
-4.45660E-05
-9.90890E-03
-1.93390E-02
-2.84830E-02
-3.96740E-02
-4.46590E-02
-4.02610E-02
-3.98130E-02
-3.82220E-02
-2.69680E-02
-1.32310E-02
-7.10700E-03
-6.89560E-03
-1.46200E-02
-2.94850E-02
-3.89700E-02
-4.47550E-02
-4.24910E-02
-2.40480E-02
-2.60330E-04
1.86660E-02
3.41160E-02
3.95450E-02
4.06920E-02
4.09520E-02
3.39760E-02
2.26210E-02
6.60060E-03
-9.80440E-03
-3.00200E-02
-5.40810E-02
-6.73190E-02
-6.15490E-02
-4.94990E-02
-3.90160E-02
-3.08020E-02
-2.76380E-02
-2.99840E-02
-3.23920E-02
-3.04360E-02
-2.67460E-02
-2.59500E-02
-2.70330E-02
-2.52670E-02
-2.99690E-02
-3.98460E-02
-4.53990E-02
-4.54210E-02
-3.88190E-02
-1.98740E-02
7.81280E-03
3.11230E-02
5.91510E-02
8.94760E-02
1.08040E-01
1.29530E-01
1.37530E-01
1.18970E-01
1.00920E-01
7.62870E-02
3.92020E-02
1.52240E-02
5.51200E-03
-5.38420E-03
-9.73510E-03
5.55190E-03
2.72960E-02
4.75490E-02
6.71610E-02
6.66360E-02
5.03070E-02
3.40510E-02
1.91690E-02
4.86680E-03
-6.20130E-03
-1.07030E-02
-1.60070E-02
-2.04370E-02
-2.62620E-02
-3.09840E-02
-2.69250E-02
-2.58490E-02
-2.42700E-02
-1.38060E-02
1.46240E-03
6.50600E-03
1.70470E-03
2.07060E-03
-1.65940E-03
-3.52230E-03
-3.83240E-04
-1.08520E-02
-2.61540E-02
-2.71250E-02
-2.15890E-02
-1.31800E-02
-8.09340E-03
-8.31340E-03
-3.81490E-03
-1.05820E-03
-6.60140E-03
-2.24400E-02
-4.70190E-02
-7.85930E-02
-1.05350E-01
-1.20420E-01
-1.19210E-01
-1.00030E-01
-7.94370E-02
-5.15670E-02
-1.30940E-02
1.42080E-02
2.70340E-02
3.00380E-02
3.13450E-02
2.28660E-02
7.91910E-03
3.80890E-03
-9.17510E-03
-2.23970E-02
-2.20990E-02
-1.33460E-02
1.07010E-04
1.02130E-02
1.90310E-02
2.54870E-02
2.90790E-02
3.19930E-02
2.73800E-02
9.12290E-03
-6.13160E-03
-1.73880E-02
-3.86710E-02
-5.51130E-02
-5.21760E-02
-3.42300E-02
-6.87960E-03
1.89990E-02
2.86670E-02
2.86200E-02
3.43970E-02
4.07770E-02
3.94340E-02
4.01530E-02
4.13720E-02
3.20930E-02
2.21310E-02
1.37100E-02
2.69210E-03
1.09890E-03
1.01390E-02
2.48000E-02
3.46310E-02
3.23280E-02
1.85100E-02
-7.48450E-03
-3.40400E-02
-5.28150E-02
-5.52630E-02
-5.00320E-02
-4.51270E-02
-2.16650E-02
1.28730E-02
3.39610E-02
3.86910E-02
3.14420E-02
2.19640E-02
1.42960E-02
8.39220E-04
-2.21640E-02
-5.22360E-02
-7.28520E-02
-7.38410E-02
-6.65420E-02
-4.90660E-02
-2.24980E-02
6.44120E-03
4.46340E-02
6.80780E-02
6.90340E-02
5.31550E-02
2.14370E-02
-9.09210E-03
-3.12660E-02
-4.36610E-02
-5.46300E-02
-4.84210E-02
-2.66420E-02
-1.86390E-02
-1.37090E-02
-8.31650E-03
-8.10350E-03
9.65150E-04
7.01540E-03
9.28820E-03
2.37280E-02
3.98370E-02
4.88350E-02
4.96060E-02
4.99460E-02
5.04320E-02
4.93580E-02
5.63290E-02
5.23900E-02
3.25200E-02
2.34640E-02
1.11190E-02
-6.01870E-03
-1.05530E-02
-1.53670E-02
-1.67670E-02
-1.28130E-02
-5.10340E-03
1.85750E-02
4.10680E-02
4.10330E-02
2.75420E-02
1.43890E-02
1.13480E-03
-1.27960E-02
-3.20330E-02
-5.52030E-02
-7.52350E-02
-9.51720E-02
-9.90000E-02
-8.37100E-02
-6.64660E-02
-4.94360E-02
-2.22730E-02
1.70910E-02
5.17930E-02
7.21180E-02
7.84580E-02
7.55500E-02
6.79640E-02
5.10460E-02
2.19860E-02
-6.99540E-03
-2.42660E-02
-2.21410E-02
7.88500E-03
5.07430E-02
9.27740E-02
1.27930E-01
1.48610E-01
1.60440E-01
1.59590E-01
1.37920E-01
1.00370E-01
6.21090E-02
3.36430E-02
9.81260E-03
-1.58200E-02
-3.58650E-02
-4.67770E-02
-5.14070E-02
-5.21720E-02
-5.95100E-02
-7.50380E-02
-9.34860E-02
-1.04050E-01
-1.08410E-01
-1.13410E-01
-1.18540E-01
-1.28430E-01
-1.30080E-01
-1.21090E-01
-1.04460E-01
-7.23540E-02
-3.40180E-02
2.52490E-03
4.23260E-02
7.67900E-02
9.77350E-02
1.12930E-01
1.17140E-01
1.06670E-01
9.32190E-02
8.79370E-02
8.49670E-02
7.55850E-02
5.71560E-02
3.29850E-02
1.48240E-02
-4.34470E-03
-2.44910E-02
-3.56800E-02
-4.01520E-02
-3.74010E-02
-3.21710E-02
-2.42600E-02
-1.32800E-02
-7.19450E-03
-1.44490E-02
-3.74580E-02
-6.59220E-02
-8.96910E-02
-1.05300E-01
-1.12040E-01
-1.05580E-01
-8.23920E-02
-5.04360E-02
-1.84260E-02
2.27670E-02
7.21720E-02
1.16560E-01
1.46710E-01
1.60110E-01
1.54990E-01
1.19650E-01
7.11780E-02
3.36530E-02
4.51420E-03
-1.64190E-02
-2.99560E-02
-2.37390E-02
1.37050E-02
5.18690E-02
8.29740E-02
1.18280E-01
1.45050E-01
1.58350E-01
1.67680E-01
1.65200E-01
1.34050E-01
9.98900E-02
6.62320E-02
1.85810E-02
-3.34200E-02
-9.19950E-02
-1.37000E-01
-1.58600E-01
-1.67350E-01
-1.47660E-01
-1.11150E-01
-8.94580E-02
-7.67430E-02
-5.00760E-02
-3.08480E-02
-4.60290E-02
-6.52690E-02
-7.59450E-02
-9.54530E-02
-1.13660E-01
-1.10800E-01
-8.41320E-02
-4.38530E-02
6.67050E-03
6.50440E-02
1.14330E-01
1.48670E-01
1.75610E-01
1.87780E-01
1.84430E-01
1.76820E-01
1.59880E-01
1.35030E-01
1.13130E-01
8.68290E-02
4.36110E-02
-1.94700E-03
-2.68290E-02
-3.33170E-02
-2.71940E-02
-6.34530E-03
2.84010E-02
5.84510E-02
6.52570E-02
5.77910E-02
3.50030E-02
-1.30950E-02
-6.49690E-02
-1.04080E-01
-1.37820E-01
-1.57300E-01
-1.58150E-01
-1.42430E-01
-1.14570E-01
-8.22420E-02
-4.89740E-02
-1.87410E-02
5.69340E-03
1.85450E-02
2.03180E-02
3.20260E-03
-2.06890E-02
-3.82090E-02
-5.99050E-02
-6.37600E-02
-3.89430E-02
-1.61140E-02
3.49880E-03
4.21200E-02
8.71810E-02
1.17040E-01
1.32640E-01
1.34780E-01
1.30850E-01
1.28130E-01
1.15750E-01
9.14320E-02
6.61660E-02
5.59860E-02
5.99460E-02
6.49100E-02
6.83020E-02
6.63600E-02
5.75820E-02
3.46760E-02
1.03330E-02
-6.25740E-03
-3.56120E-02
-6.22930E-02
-7.13680E-02
-7.65390E-02
-7.91340E-02
-7.43690E-02
-6.51890E-02
-5.76850E-02
-6.35870E-02
-7.71040E-02
-7.89550E-02
-7.67190E-02
-7.04970E-02
-6.05770E-02
-4.42050E-02
-1.44180E-02
1.33270E-02
4.00690E-02
7.83130E-02
1.21320E-01
1.63840E-01
2.08010E-01
2.40100E-01
2.51850E-01
2.44510E-01
2.26790E-01
2.09110E-01
1.86870E-01
1.58130E-01
1.24730E-01
9.25130E-02
5.91870E-02
1.93160E-02
-6.43960E-03
-1.90200E-02
-3.87580E-02
-6.40990E-02
-8.62630E-02
-1.09760E-01
-1.42100E-01
-1.76510E-01
-2.12610E-01
-2.51670E-01
-2.92830E-01
-3.38210E-01
-3.77420E-01
-3.98180E-01
-4.12140E-01
-4.25890E-01
-4.26160E-01
-4.16660E-01
-4.11850E-01
-4.08930E-01
-4.01950E-01
-4.00750E-01
-4.13850E-01
-4.33780E-01
-4.51350E-01
-4.66220E-01
-4.79500E-01
-4.70110E-01
-4.20260E-01
-3.51850E-01
-2.69340E-01
-1.74930E-01
-8.28830E-02
7.35740E-03
8.69050E-02
1.58110E-01
2.24530E-01
2.76590E-01
3.22140E-01
3.67770E-01
4.16410E-01
4.81590E-01
5.42610E-01
5.88680E-01
6.29630E-01
6.60380E-01
6.81660E-01
6.88590E-01
6.84570E-01
6.75940E-01
6.65250E-01
6.38070E-01
5.87720E-01
5.34230E-01
4.76760E-01
4.13620E-01
3.38020E-01
2.64700E-01
2.03170E-01
1.36730E-01
7.24300E-02
4.04680E-03
-7.07740E-02
-1.42070E-01
-2.01050E-01
-2.56510E-01
-3.20390E-01
-3.87070E-01
-4.52670E-01
-5.23970E-01
-6.01730E-01
-6.69770E-01
-7.30690E-01
-7.94470E-01
-8.58040E-01
-9.12200E-01
-9.53250E-01
-9.76680E-01
-9.70850E-01
-9.44400E-01
-9.08540E-01
-8.66470E-01
-8.27010E-01
-7.94180E-01
-7.65380E-01
-7.29110E-01
-6.79170E-01
-6.07070E-01
-5.07370E-01
-4.02520E-01
-3.07100E-01
-1.93890E-01
-5.39540E-02
7.68250E-02
2.16680E-01
3.80560E-01
5.10330E-01
6.20860E-01
7.60440E-01
8.77160E-01
9.48980E-01
9.80700E-01
9.73360E-01
9.70950E-01
9.40360E-01
9.08600E-01
9.28360E-01
9.27580E-01
9.19320E-01
9.51230E-01
9.76290E-01
9.95790E-01
1.05440E+00
1.15170E+00
1.22150E+00
1.25130E+00
1.29730E+00
1.33500E+00
1.36280E+00
1.38340E+00
1.33580E+00
1.23650E+00
1.14490E+00
1.04270E+00
9.16570E-01
7.76710E-01
6.51260E-01
5.51060E-01
4.44190E-01
3.45410E-01
2.51470E-01
1.22760E-01
-2.79240E-02
-1.84240E-01
-3.53200E-01
-5.23790E-01
-7.15340E-01
-9.35070E-01
-1.13310E+00
-1.32480E+00
-1.52530E+00
-1.68580E+00
-1.78770E+00
-1.83650E+00
-1.83490E+00
-1.78970E+00
-1.72340E+00
-1.65410E+00
-1.59660E+00
-1.53530E+00
-1.44320E+00
-1.33480E+00
-1.23290E+00
-1.11660E+00
-1.00750E+00
-9.39120E-01
-8.69510E-01
-8.00680E-01
-7.41370E-01
-6.83610E-01
-6.43860E-01
-6.01900E-01
-5.29680E-01
-4.64720E-01
-4.14970E-01
-3.36150E-01
-2.24860E-01
-1.12200E-01
-8.88590E-03
1.04560E-01
2.20820E-01
3.39770E-01
4.56600E-01
5.54310E-01
6.39630E-01
6.94380E-01
7.09120E-01
7.17200E-01
7.23530E-01
7.20670E-01
7.23400E-01
7.47950E-01
8.23940E-01
8.94600E-01
8.72130E-01
8.20980E-01
8.48090E-01
9.04860E-01
8.99900E-01
8.46760E-01
7.79180E-01
6.96020E-01
5.94250E-01
5.08910E-01
4.50110E-01
3.82150E-01
2.99940E-01
2.15670E-01
1.19670E-01
5.30040E-04
-1.31040E-01
-2.67470E-01
-3.92660E-01
-4.89090E-01
-5.66960E-01
-6.18810E-01
-6.42140E-01
-6.26230E-01
-5.68380E-01
-4.88560E-01
-3.78190E-01
-2.52840E-01
-1.37750E-01
-4.02740E-02
4.00050E-02
1.03310E-01
1.55290E-01
1.99890E-01
2.23420E-01
2.60910E-01
3.37240E-01
4.26800E-01
5.21460E-01
6.01570E-01
6.80830E-01
7.59720E-01
8.02780E-01
8.35720E-01
8.46310E-01
8.20640E-01
7.84880E-01
7.52060E-01
6.96610E-01
6.08900E-01
5.20680E-01
4.21180E-01
3.28190E-01
2.22050E-01
9.82970E-02
-3.20500E-03
-1.24000E-01
-2.64650E-01
-3.79650E-01
-4.70810E-01
-5.60100E-01
-6.40200E-01
-7.03960E-01
-7.56770E-01
-7.77460E-01
-7.57780E-01
-7.10990E-01
-6.35810E-01
-5.33270E-01
-4.15860E-01
-2.97100E-01
-1.80650E-01
-7.84720E-02
5.17800E-03
8.23370E-02
1.49560E-01
2.02720E-01
2.35900E-01
2.52870E-01
2.45400E-01
2.01240E-01
1.29070E-01
3.57520E-02
-6.38130E-02
-1.58910E-01
-2.55610E-01
-3.46080E-01
-4.35590E-01
-5.21260E-01
-5.88570E-01
-6.76540E-01
-7.72000E-01
-8.30880E-01
-8.77840E-01
-9.49170E-01
-1.03340E+00
-1.10960E+00
-1.16990E+00
-1.20740E+00
-1.22460E+00
-1.22140E+00
-1.19360E+00
-1.12500E+00
-1.03920E+00
-9.64400E-01
-8.61530E-01
-7.08170E-01
-5.13480E-01
-2.84130E-01
-4.46520E-02
1.82560E-01
3.80020E-01
5.59310E-01
7.41700E-01
8.88460E-01
9.87500E-01
1.02990E+00
1.02990E+00
1.04970E+00
1.05520E+00
1.05800E+00
1.07690E+00
1.07570E+00
1.05730E+00
1.03420E+00
1.04190E+00
1.04710E+00
1.00270E+00
9.24590E-01
8.40550E-01
7.54620E-01
6.51120E-01
5.29280E-01
4.14840E-01
3.45180E-01
3.01830E-01
2.54650E-01
2.10560E-01
1.68160E-01
1.22860E-01
9.15540E-02
7.76580E-02
6.21030E-02
1.85920E-02
-4.62720E-02
-1.07200E-01
-1.80200E-01
-2.57490E-01
-3.16920E-01
-3.72230E-01
-4.26560E-01
-4.60870E-01
-4.71810E-01
-4.57630E-01
-4.26140E-01
-3.86140E-01
-3.34190E-01
-2.84280E-01
-2.46870E-01
-2.19090E-01
-2.00600E-01
-1.91870E-01
-1.59470E-01
-1.19470E-01
-9.21680E-02
-5.66250E-02
-2.54520E-02
-7.22940E-03
-1.97270E-02
-2.69370E-02
-1.48530E-02
-3.72610E-02
-5.45480E-02
-4.60520E-02
-5.53690E-02
-6.41620E-02
-3.72000E-02
5.40720E-03
5.32220E-02
1.18900E-01
1.84760E-01
2.37240E-01
2.67040E-01
2.98410E-01
3.21210E-01
3.14390E-01
3.00680E-01
2.63440E-01
1.92270E-01
1.13760E-01
6.08590E-02
2.42390E-02
-2.22360E-02
-9.20200E-02
-1.61450E-01
-2.19390E-01
-2.87400E-01
-3.54000E-01
-4.05350E-01
-4.40680E-01
-5.05280E-01
-5.47500E-01
-5.24660E-01
-5.19880E-01
-4.88550E-01
-4.04620E-01
-3.20760E-01
-2.29920E-01
-1.33690E-01
-3.02050E-02
8.32850E-02
1.79410E-01
2.81700E-01
4.00990E-01
4.72940E-01
5.47610E-01
6.65490E-01
7.53550E-01
8.18420E-01
8.79130E-01
8.78410E-01
8.48830E-01
8.24110E-01
7.32190E-01
6.90060E-01
7.02220E-01
6.22490E-01
5.37160E-01
5.05070E-01
4.84290E-01
4.39500E-01
3.95630E-01
3.80510E-01
3.61920E-01
3.33340E-01
3.17510E-01
2.99400E-01
2.56140E-01
2.01030E-01
1.31350E-01
5.97550E-02
-8.03360E-03
-6.97720E-02
-1.25610E-01
-2.03860E-01
-3.01130E-01
-3.94680E-01
-4.84660E-01
-5.51440E-01
-5.99710E-01
-6.40790E-01
-6.38520E-01
-5.89550E-01
-5.08290E-01
-4.13940E-01
-3.24630E-01
-2.39280E-01
-1.75870E-01
-1.60280E-01
-1.80110E-01
-2.24170E-01
-2.75230E-01
-3.18110E-01
-3.64630E-01
-4.04150E-01
-4.25180E-01
-4.14390E-01
-4.12420E-01
-4.46090E-01
-4.48220E-01
-4.28950E-01
-4.23900E-01
-4.09380E-01
-3.97940E-01
-3.97770E-01
-3.96330E-01
-4.07800E-01
-4.28570E-01
-4.19520E-01
-3.75430E-01
-3.21840E-01
-2.35820E-01
-1.10510E-01
2.61560E-02
1.52600E-01
2.55910E-01
3.35640E-01
3.96280E-01
4.49360E-01
4.74570E-01
4.57740E-01
4.24400E-01
3.74270E-01
3.13890E-01
2.83500E-01
2.69960E-01
2.30450E-01
1.96340E-01
2.15100E-01
2.40860E-01
2.29180E-01
1.90670E-01
1.55850E-01
1.25040E-01
4.83290E-02
-4.28290E-02
-9.35710E-02
-1.34850E-01
-1.81140E-01
-2.03520E-01
-1.90690E-01
-1.67930E-01
-1.45760E-01
-1.25910E-01
-1.18200E-01
-1.16130E-01
-1.11630E-01
-8.33820E-02
-5.59440E-02
-5.45530E-02
-4.46870E-02
-2.81000E-02
-1.72330E-02
1.25520E-02
6.61770E-02
1.19590E-01
1.55450E-01
1.66980E-01
1.60310E-01
1.47860E-01
1.26650E-01
9.47860E-02
4.93170E-02
-1.13210E-02
-7.78480E-02
-1.47490E-01
-2.19620E-01
-2.93960E-01
-3.48070E-01
-3.56280E-01
-3.32670E-01
-2.89230E-01
-2.25010E-01
-1.59160E-01
-8.80830E-02
-1.52140E-02
4.32500E-02
1.03100E-01
1.64550E-01
2.21980E-01
2.62800E-01
2.91720E-01
3.18270E-01
3.33500E-01
3.49480E-01
3.79700E-01
4.17370E-01
4.44140E-01
4.57080E-01
4.58960E-01
4.41540E-01
3.92530E-01
3.36560E-01
2.69490E-01
1.79790E-01
8.81430E-02
-1.21590E-02
-1.15890E-01
-2.23880E-01
-3.22680E-01
-4.14640E-01
-5.21030E-01
-6.32730E-01
-7.35010E-01
-8.14280E-01
-8.76630E-01
-9.36800E-01
-9.96670E-01
-1.03910E+00
-1.05550E+00
-1.05060E+00
-1.02340E+00
-9.62470E-01
-8.63500E-01
-7.58150E-01
-6.72000E-01
-5.99240E-01
-5.35470E-01
-4.70340E-01
-3.89280E-01
-2.99230E-01
-2.09230E-01
-1.15590E-01
-1.60130E-02
9.67700E-02
2.20260E-01
3.49330E-01
4.77370E-01
6.00240E-01
7.15440E-01
8.06660E-01
8.85240E-01
9.37470E-01
9.70920E-01
1.01310E+00
1.03070E+00
1.03500E+00
1.03480E+00
1.00960E+00
9.68690E-01
9.02930E-01
8.12640E-01
7.12820E-01
6.20410E-01
5.50660E-01
5.00040E-01
4.94450E-01
5.30930E-01
5.63120E-01
5.95410E-01
6.38390E-01
6.75390E-01
6.72700E-01
6.47190E-01
6.14320E-01
5.42540E-01
4.59450E-01
3.71510E-01
2.62670E-01
1.58460E-01
6.74950E-02
-3.12680E-02
-1.34970E-01
-2.33820E-01
-3.31040E-01
-4.22210E-01
-5.09420E-01
-5.94770E-01
-6.84670E-01
-7.88230E-01
-9.00680E-01
-1.00210E+00
-1.08090E+00
-1.14940E+00
-1.20610E+00
-1.24780E+00
-1.26980E+00
-1.26780E+00
-1.25980E+00
-1.23820E+00
-1.18810E+00
-1.10590E+00
-1.00530E+00
-8.85600E-01
-7.37950E-01
-5.95810E-01
-4.74850E-01
-3.58000E-01
-2.34190E-01
-1.34800E-01
-6.59730E-02
1.88050E-02
1.01640E-01
1.70590E-01
2.62770E-01
3.41430E-01
3.81410E-01
4.22020E-01
4.63750E-01
4.92080E-01
5.20700E-01
5.48960E-01
5.53970E-01
5.48850E-01
5.56100E-01
5.78820E-01
6.25500E-01
6.65200E-01
6.61140E-01
6.29640E-01
5.97240E-01
5.71030E-01
5.43220E-01
4.98730E-01
4.31530E-01
3.56310E-01
2.89310E-01
2.23890E-01
1.52630E-01
6.95500E-02
-3.35010E-02
-1.24150E-01
-1.68750E-01
-1.93770E-01
-2.20740E-01
-2.44930E-01
-2.75170E-01
-2.89890E-01
-2.65170E-01
-2.10930E-01
-1.35820E-01
-6.84280E-02
-1.97980E-02
2.53500E-02
5.25400E-02
7.01170E-02
6.89710E-02
3.59530E-02
1.52180E-02
3.68460E-03
-3.05370E-03
2.14350E-02
7.70780E-02
1.48320E-01
2.09060E-01
2.64790E-01
3.31500E-01
3.78460E-01
3.92950E-01
4.04020E-01
4.10670E-01
3.91180E-01
3.32110E-01
2.50400E-01
1.82820E-01
1.38770E-01
1.11150E-01
9.85580E-02
1.00780E-01
1.14250E-01
1.33070E-01
1.45500E-01
1.38590E-01
1.07590E-01
6.41880E-02
2.82240E-02
-5.16010E-03
-4.49140E-02
-7.17270E-02
-8.36050E-02
-9.97020E-02
-1.19890E-01
-1.30370E-01
-1.33880E-01
-1.40140E-01
-1.44190E-01
-1.49840E-01
-1.54690E-01
-1.47540E-01
-1.33070E-01
-1.07290E-01
-7.34480E-02
-3.74390E-02
6.91990E-03
4.63750E-02
7.21990E-02
8.72640E-02
9.18810E-02
8.34070E-02
5.69000E-02
3.13170E-02
1.39060E-02
-1.02740E-03
-1.44900E-02
-3.89390E-02
-6.19130E-02
-8.39890E-02
-1.21770E-01
-1.56620E-01
-1.87490E-01
-2.22590E-01
-2.52470E-01
-2.72880E-01
-2.80260E-01
-2.71870E-01
-2.53780E-01
-2.37750E-01
-2.32610E-01
-2.39950E-01
-2.51450E-01
-2.54970E-01
-2.46710E-01
-2.40320E-01
-2.37540E-01
-2.34990E-01
-2.37040E-01
-2.32550E-01
-2.12350E-01
-1.75010E-01
-1.17650E-01
-4.59450E-02
3.70670E-02
1.21210E-01
1.94690E-01
2.43800E-01
2.57300E-01
2.42290E-01
2.11800E-01
1.76750E-01
1.56160E-01
1.63360E-01
1.80620E-01
2.12230E-01
2.74020E-01
3.48710E-01
4.22560E-01
4.84140E-01
5.27670E-01
5.60960E-01
5.76540E-01
5.84300E-01
5.83960E-01
5.78380E-01
5.71350E-01
5.55150E-01
5.50460E-01
5.49830E-01
5.26340E-01
4.87970E-01
4.52640E-01
4.06520E-01
3.26420E-01
2.21530E-01
1.27220E-01
3.79020E-02
-5.53790E-02
-1.34360E-01
-2.05080E-01
-2.69440E-01
-3.32140E-01
-3.88670E-01
-4.22640E-01
-4.45760E-01
-4.77720E-01
-5.02740E-01
-5.08870E-01
-5.12650E-01
-5.10690E-01
-5.11700E-01
-5.23500E-01
-5.35820E-01
-5.45620E-01
-5.58600E-01
-5.73930E-01
-5.88140E-01
-5.98420E-01
-6.00400E-01
-5.91920E-01
-5.67740E-01
-5.25590E-01
-4.65440E-01
-4.06390E-01
-3.56620E-01
-3.04050E-01
-2.64620E-01
-2.48130E-01
-2.30580E-01
-2.12000E-01
-1.95740E-01
-1.75730E-01
-1.49950E-01
-1.11060E-01
-6.60150E-02
-1.43800E-02
5.09480E-02
1.16840E-01
1.68550E-01
2.05240E-01
2.34750E-01
2.53860E-01
2.58100E-01
2.54700E-01
2.55950E-01
2.51730E-01
2.41930E-01
2.40470E-01
2.38080E-01
2.40330E-01
2.37960E-01
2.32730E-01
2.24760E-01
2.07160E-01
2.14780E-01
2.40450E-01
2.58200E-01
2.74220E-01
2.99980E-01
3.32130E-01
3.58700E-01
3.81140E-01
3.93370E-01
4.04790E-01
4.25740E-01
4.25400E-01
3.99020E-01
3.75950E-01
3.38520E-01
2.86660E-01
2.43480E-01
1.88810E-01
1.08680E-01
1.75470E-02
-7.01770E-02
-1.62230E-01
-2.53550E-01
-3.32360E-01
-4.05550E-01
-4.58440E-01
-4.86980E-01
-5.10480E-01
-5.21700E-01
-5.17890E-01
-5.15870E-01
-4.97510E-01
-4.70400E-01
-4.74300E-01
-4.85290E-01
-4.95350E-01
-5.14900E-01
-5.31240E-01
-5.38280E-01
-5.18600E-01
-4.73540E-01
-4.09950E-01
-3.30930E-01
-2.49890E-01
-1.65100E-01
-8.20860E-02
-2.97280E-03
8.33000E-02
1.79120E-01
2.70690E-01
3.55290E-01
4.19470E-01
4.57290E-01
4.87030E-01
4.95090E-01
4.79500E-01
4.48300E-01
4.01550E-01
3.57790E-01
3.25670E-01
2.89580E-01
2.66140E-01
2.69810E-01
2.85450E-01
2.91380E-01
2.96700E-01
3.14580E-01
3.26060E-01
3.17720E-01
2.91830E-01
2.54640E-01
2.06850E-01
1.48690E-01
7.53230E-02
5.10540E-03
-5.93680E-02
-1.16760E-01
-1.59400E-01
-1.94270E-01
-2.29330E-01
-2.59480E-01
-2.76160E-01
-2.84770E-01
-2.85200E-01
-2.76650E-01
-2.41140E-01
-2.01280E-01
-1.70720E-01
-1.31720E-01
-1.00380E-01
-7.48600E-02
-4.36350E-02
-1.01250E-02
1.04930E-02
2.57120E-02
3.32150E-02
2.31210E-02
2.24290E-02
2.57180E-02
1.92350E-02
1.23830E-02
1.84390E-02
2.86290E-02
2.43050E-02
2.00580E-02
2.92260E-02
3.79130E-02
2.87200E-02
2.74540E-02
5.44390E-02
8.99870E-02
1.18910E-01
1.48830E-01
1.61270E-01
1.53180E-01
1.45000E-01
1.19280E-01
9.57850E-02
8.50240E-02
7.14860E-02
4.24860E-02
3.49600E-03
-1.96680E-02
-4.66430E-02
-7.88760E-02
-9.79030E-02
-1.13370E-01
-1.19080E-01
-1.20890E-01
-1.20710E-01
-1.09340E-01
-9.79780E-02
-7.73880E-02
-5.88450E-02
-5.17010E-02
-4.59390E-02
-3.76050E-02
-1.79380E-02
7.79100E-04
1.60720E-02
2.61640E-02
2.35820E-02
1.82550E-02
6.71680E-03
-9.36140E-03
-2.23810E-02
-3.39230E-02
-3.91520E-02
-3.49740E-02
-3.13090E-02
-2.32380E-02
-4.16490E-03
1.11940E-02
2.37910E-02
3.55990E-02
4.15880E-02
3.41880E-02
1.44010E-02
-3.42170E-03
-2.05410E-02
-4.91690E-02
-8.33650E-02
-1.11240E-01
-1.40120E-01
-1.66950E-01
-1.77480E-01
-1.77630E-01
-1.79300E-01
-1.76560E-01
-1.63370E-01
-1.39690E-01
-1.13070E-01
-8.36000E-02
-5.18040E-02
-2.53580E-02
1.69780E-03
2.00880E-02
3.05750E-02
4.77690E-02
6.95400E-02
9.04460E-02
1.12130E-01
1.30420E-01
1.38760E-01
1.36710E-01
1.31890E-01
1.20060E-01
1.00110E-01
8.25570E-02
5.84960E-02
3.40880E-02
1.56510E-02
-8.67810E-03
-2.97540E-02
-3.96730E-02
-4.56840E-02
-4.25750E-02
-3.41160E-02
-2.01310E-02
-1.38400E-03
9.36620E-03
1.84660E-02
2.08240E-02
1.55620E-02
1.13130E-02
5.45690E-03
9.78810E-03
1.94000E-02
2.36910E-02
3.25850E-02
3.83600E-02
4.27020E-02
4.84810E-02
4.47180E-02
3.90660E-02
3.14200E-02
2.16200E-02
8.13470E-03
-1.03210E-02
-3.03910E-02
-4.96680E-02
-5.67780E-02
-5.67390E-02
-4.86240E-02
-3.98500E-02
-3.17330E-02
-8.29520E-03
1.21640E-02
2.86960E-02
5.09970E-02
6.06400E-02
6.11650E-02
6.58500E-02
6.66810E-02
7.38130E-02
8.92360E-02
1.02770E-01
1.16890E-01
1.28050E-01
1.33170E-01
1.29160E-01
1.24750E-01
1.20320E-01
1.14240E-01
1.19220E-01
1.21610E-01
1.07570E-01
8.43370E-02
5.63280E-02
3.23350E-02
1.27630E-02
-6.16540E-03
-2.50400E-02
-5.28080E-02
-8.32710E-02
-1.06220E-01
-1.26210E-01
-1.45570E-01
-1.61580E-01
-1.72430E-01
-1.69620E-01
-1.55400E-01
-1.41800E-01
-1.28530E-01
-1.13980E-01
-9.58540E-02
-7.27050E-02
-4.34900E-02
-1.81400E-02
-7.85260E-03
-3.61650E-03
2.67600E-03
1.17390E-02
2.05350E-02
3.49230E-02
5.01190E-02
5.46220E-02
6.31570E-02
7.49380E-02
8.02810E-02
7.62950E-02
6.30070E-02
4.89880E-02
3.13580E-02
1.14180E-02
-7.80950E-03
-2.35470E-02
-2.89680E-02
-2.91860E-02
-3.00780E-02
-3.00250E-02
-3.02810E-02
-3.04380E-02
-2.62870E-02
-2.10610E-02
-1.61280E-02
-1.52440E-02
-2.11720E-02
-2.09340E-02
-1.54790E-02
-1.63180E-02
-1.28520E-02
-2.55870E-03
5.80040E-03
2.02670E-02
3.43990E-02
4.44230E-02
5.81840E-02
6.53150E-02
6.95010E-02
6.65500E-02
5.71290E-02
4.87200E-02
3.04350E-02
1.37840E-02
5.66570E-03
-4.42440E-04
-5.59410E-03
-7.12670E-03
-2.28280E-03
6.59180E-03
1.62660E-02
2.48270E-02
3.56160E-02
4.46020E-02
4.91970E-02
6.25950E-02
7.84200E-02
9.04970E-02
1.09410E-01
1.34070E-01
1.53980E-01
1.64910E-01
1.65450E-01
1.58850E-01
1.44950E-01
1.18370E-01
9.22330E-02
7.04190E-02
5.29910E-02
4.37220E-02
4.08480E-02
4.67210E-02
5.39570E-02
6.06220E-02
6.87530E-02
6.74420E-02
6.13470E-02
4.60420E-02
2.10260E-02
-5.24700E-03
-3.81560E-02
-7.63540E-02
-1.14440E-01
-1.49230E-01
-1.77890E-01
-1.98620E-01
-2.18810E-01
-2.26860E-01
-2.18080E-01
-2.00970E-01
-1.73460E-01
-1.46010E-01
-1.12650E-01
-7.48860E-02
-4.46370E-02
-1.22140E-02
9.91690E-03
2.76960E-02
4.50490E-02
5.01360E-02
5.39340E-02
6.02340E-02
6.90400E-02
7.51950E-02
7.79780E-02
8.40120E-02
9.29550E-02
9.89600E-02
1.02440E-01
1.05110E-01
1.00640E-01
8.34540E-02
6.04910E-02
2.86800E-02
-9.76880E-03
-4.26800E-02
-8.06690E-02
-1.16220E-01
-1.41130E-01
-1.56980E-01
-1.59710E-01
-1.54150E-01
-1.47120E-01
-1.40830E-01
-1.32700E-01
-1.29860E-01
-1.31980E-01
-1.34780E-01
-1.36300E-01
-1.35350E-01
-1.32990E-01
-1.22490E-01
-1.09420E-01
-9.88450E-02
-8.65580E-02
-7.46140E-02
-6.26420E-02
-5.07170E-02
-3.88730E-02
-2.69910E-02
-1.40600E-02
-6.93480E-03
-4.13200E-03
1.58890E-03
1.09190E-02
2.07830E-02
2.57420E-02
3.04040E-02
3.13680E-02
3.09720E-02
3.12570E-02
3.06580E-02
3.53630E-02
4.01380E-02
4.40560E-02
5.33210E-02
6.32110E-02
7.28750E-02
7.88400E-02
7.46630E-02
6.61730E-02
5.28820E-02
3.33380E-02
1.84920E-02
8.96140E-03
1.99500E-03
5.37980E-03
1.96630E-02
3.27850E-02
4.74100E-02
6.15890E-02
6.86310E-02
7.24620E-02
6.63660E-02
5.52270E-02
3.93530E-02
1.78470E-02
1.08610E-03
-1.62310E-02
-2.93160E-02
-3.19020E-02
-3.92320E-02
-4.30480E-02
-4.42710E-02
-5.10670E-02
-5.93430E-02
-6.91410E-02
-7.87620E-02
-8.84090E-02
-9.42220E-02
-9.82950E-02
-9.99530E-02
-1.00350E-01
-9.20990E-02
-7.80450E-02
-6.42820E-02
-4.52180E-02
-3.39400E-02
-2.97270E-02
-2.80930E-02
-3.22970E-02
-3.77730E-02
-4.21850E-02
-4.18980E-02
-4.69910E-02
-5.26640E-02
-4.88380E-02
-4.37460E-02
-3.11290E-02
-1.94630E-02
-1.58920E-02
-1.43880E-02
-1.79490E-02
-2.81650E-02
-3.71010E-02
-4.18840E-02
-5.20580E-02
-5.44110E-02
-4.45210E-02
-3.23790E-02
-9.54260E-03
1.83780E-02
4.68800E-02
8.00640E-02
1.05120E-01
1.28730E-01
1.49540E-01
1.60310E-01
1.69330E-01
1.71410E-01
1.74980E-01
1.76500E-01
1.75980E-01
1.76710E-01
1.68480E-01
1.58780E-01
1.41200E-01
1.20880E-01
1.06970E-01
9.25800E-02
8.14780E-02
7.23640E-02
6.66890E-02
6.17960E-02
5.71140E-02
5.29440E-02
3.93100E-02
2.41050E-02
1.10000E-02
-3.67760E-03
-1.80900E-02
-3.32110E-02
-4.31080E-02
-4.83250E-02
-5.40550E-02
-5.35230E-02
-5.74740E-02
-7.18410E-02
-8.24130E-02
-9.12030E-02
-9.32760E-02
-8.85050E-02
-8.12780E-02
-6.26510E-02
-3.92260E-02
-1.65120E-02
1.25230E-02
3.77950E-02
5.26040E-02
6.33360E-02
6.50400E-02
6.09820E-02
5.23870E-02
3.79740E-02
2.79820E-02
1.95760E-02
9.02730E-03
-1.17880E-03
-6.10170E-03
-6.90330E-03
-6.94440E-03
-2.94070E-03
-1.53960E-03
-3.38710E-03
-2.00470E-03
1.17530E-03
6.05920E-03
1.95000E-02
3.04680E-02
3.52960E-02
3.53900E-02
3.10910E-02
3.49960E-02
3.73830E-02
3.49940E-02
3.22870E-02
2.81030E-02
1.38540E-02
-9.15360E-04
-5.95350E-03
-1.50940E-02
-1.66220E-02
-2.03610E-02
-2.64290E-02
-2.24380E-02
-2.10220E-02
-1.45420E-02
-7.18290E-03
-7.23280E-04
1.09650E-02
2.27800E-02
3.78190E-02
6.02200E-02
8.14870E-02
9.86470E-02
1.13980E-01
1.33500E-01
1.48910E-01
1.54250E-01
1.59770E-01
1.53510E-01
1.37680E-01
1.20000E-01
1.05610E-01
9.19090E-02
7.21050E-02
5.71210E-02
4.39560E-02
2.83890E-02
1.42850E-02
8.46020E-04
-1.79180E-02
-4.26440E-02
-6.11150E-02
-7.98240E-02
-1.03830E-01
-1.24550E-01
-1.42650E-01
-1.54520E-01
-1.62980E-01
-1.69950E-01
-1.74130E-01
-1.75430E-01
-1.74450E-01
-1.75410E-01
-1.76340E-01
-1.67990E-01
-1.49690E-01
-1.26630E-01
-9.84650E-02
-7.44500E-02
-5.05000E-02
-2.64870E-02
-6.66860E-03
1.67170E-02
3.39730E-02
4.23020E-02
4.55150E-02
4.05730E-02
2.81340E-02
1.33490E-02
-3.90720E-03
-2.45040E-02
-4.27080E-02
-5.83390E-02
-7.28220E-02
-7.96250E-02
-7.95620E-02
-7.57350E-02
-7.05850E-02
-7.08410E-02
-7.06840E-02
-7.07820E-02
-7.08770E-02
-6.62750E-02
-6.54530E-02
-6.66590E-02
-6.56490E-02
-6.62750E-02
-6.57800E-02
-6.59070E-02
-6.99180E-02
-7.50720E-02
-8.33030E-02
-9.41180E-02
-1.02870E-01
-1.08770E-01
-1.13270E-01
-1.14510E-01
-1.14430E-01
-1.10980E-01
-1.02080E-01
-8.82070E-02
-7.04630E-02
-5.05640E-02
-2.86910E-02
-7.66190E-03
1.57210E-02
2.69500E-02
3.54470E-02
4.68880E-02
4.83500E-02
4.69330E-02
4.04100E-02
3.27220E-02
2.64830E-02
1.95320E-02
7.00240E-03
-1.42120E-03
-2.85320E-05
7.73310E-03
1.73790E-02
2.55040E-02
3.97890E-02
5.48060E-02
6.77120E-02
8.29030E-02
9.80690E-02
1.03650E-01
1.03920E-01
1.01260E-01
8.78620E-02
6.81570E-02
5.08280E-02
3.10050E-02
7.34320E-03
-8.76510E-03
-2.23490E-02
-3.01150E-02
-2.88820E-02
-2.94810E-02
-3.45960E-02
-3.92970E-02
-4.29480E-02
-5.27760E-02
-6.33480E-02
-6.71410E-02
-7.24210E-02
-7.84690E-02
-7.50430E-02
-6.49850E-02
-5.24600E-02
-3.80100E-02
-2.01900E-02
1.40030E-04
1.84990E-02
3.36640E-02
4.78280E-02
5.95680E-02
6.35910E-02
6.44280E-02
6.89190E-02
7.05840E-02
6.85730E-02
6.96890E-02
7.40270E-02
7.46610E-02
7.47520E-02
7.04320E-02
6.17210E-02
5.55590E-02
4.78200E-02
4.53630E-02
4.19700E-02
4.34670E-02
5.52800E-02
6.25760E-02
7.27510E-02
8.64780E-02
9.36220E-02
9.78370E-02
9.06890E-02
7.89820E-02
7.64760E-02
7.02100E-02
6.61570E-02
6.53710E-02
5.70400E-02
5.50730E-02
5.18920E-02
5.01450E-02
5.54670E-02
5.50430E-02
6.29710E-02
7.41730E-02
8.20310E-02
9.32730E-02
9.79490E-02
9.82060E-02
1.02840E-01
1.04690E-01
1.03470E-01
9.99750E-02
9.56130E-02
8.68110E-02
7.24140E-02
6.21180E-02
5.36590E-02
4.81020E-02
3.88230E-02
2.93410E-02
2.07340E-02
2.35840E-03
-1.39810E-02
-2.62960E-02
-3.67660E-02
-5.06390E-02
-6.58010E-02
-7.53820E-02
-8.46080E-02
-9.09790E-02
-9.49200E-02
-9.63690E-02
-9.60110E-02
-9.19130E-02
-8.67350E-02
-8.30870E-02
-7.32060E-02
-6.28220E-02
-5.87280E-02
-5.34110E-02
-4.76850E-02
-4.81100E-02
-4.42480E-02
-3.39390E-02
-2.43950E-02
-1.57550E-02
-5.90520E-03
7.82380E-03
2.30620E-02
3.69080E-02
4.76950E-02
5.62140E-02
6.68590E-02
8.05740E-02
9.13620E-02
1.00650E-01
1.06100E-01
1.10520E-01
1.20770E-01
1.25940E-01
1.30150E-01
1.36190E-01
1.36580E-01
1.35980E-01
1.37040E-01
1.37220E-01
1.33710E-01
1.23970E-01
1.11180E-01
9.67840E-02
7.82950E-02
6.31270E-02
4.98660E-02
3.49780E-02
2.06260E-02
6.01980E-03
-3.60380E-03
-1.31500E-02
-2.31710E-02
-2.83980E-02
-3.30660E-02
-3.37020E-02
-3.33680E-02
-3.41700E-02
-2.95870E-02
-2.39200E-02
-2.01210E-02
-1.53330E-02
-6.01340E-03
3.95660E-03
1.34320E-02
2.27030E-02
3.22940E-02
4.66550E-02
5.80010E-02
6.21510E-02
6.32670E-02
6.39320E-02
6.07710E-02
5.03140E-02
4.12670E-02
3.69540E-02
2.81150E-02
1.75540E-02
8.84100E-03
-4.19700E-04
-1.06840E-02
-1.99140E-02
-2.47230E-02
-3.34610E-02
-4.39250E-02
-5.29990E-02
-6.18200E-02
-7.16910E-02
-8.54480E-02
-9.62280E-02
-1.04470E-01
-1.11090E-01
-1.15010E-01
-1.16350E-01
-1.16140E-01
-1.12120E-01
-1.05860E-01
-1.07030E-01
-1.06490E-01
-1.01990E-01
-1.00550E-01
-9.81830E-02
-9.54010E-02
-9.22240E-02
-9.49890E-02
-9.74820E-02
-9.46890E-02
-9.57490E-02
-1.00640E-01
-1.00560E-01
-9.96140E-02
-1.05080E-01
-1.05760E-01
-1.04330E-01
-1.05320E-01
-1.05700E-01
-1.01450E-01
-9.18140E-02
-8.25150E-02
-7.34050E-02
-6.33760E-02
-5.43470E-02
-4.38890E-02
-3.47160E-02
-2.93850E-02
-2.01860E-02
-1.41890E-02
-1.01770E-02
-4.83770E-03
-3.91010E-03
-3.42830E-03
-1.22440E-02
-2.25110E-02
-2.61530E-02
-3.59780E-02
-4.24430E-02
-4.16940E-02
-4.18470E-02
-4.19170E-02
-4.67000E-02
-5.07060E-02
-5.57640E-02
-6.50350E-02
-6.62010E-02
-6.93590E-02
-7.23430E-02
-6.70610E-02
-5.74720E-02
-4.84760E-02
-4.39210E-02
-3.42870E-02
-2.76770E-02
-2.89360E-02
-2.82320E-02
-2.70850E-02
-3.23890E-02
-3.71890E-02
-3.82560E-02
-3.66530E-02
-3.37870E-02
-3.68900E-02
-3.46250E-02
-3.21480E-02
-2.96470E-02
-2.40050E-02
-2.00680E-02
-1.00300E-02
-5.68700E-03
-8.72590E-04
9.05330E-03
8.91850E-03
1.73380E-02
2.84690E-02
3.16290E-02
4.55380E-02
5.67480E-02
6.46440E-02
7.56690E-02
8.03470E-02
8.45380E-02
9.11950E-02
9.07190E-02
8.62140E-02
8.58290E-02
8.31510E-02
7.64500E-02
6.85180E-02
6.29210E-02
5.37920E-02
4.74230E-02
4.85300E-02
4.36630E-02
3.78320E-02
3.39720E-02
2.88260E-02
2.43330E-02
1.90520E-02
1.40010E-02
1.35500E-02
1.39240E-02
1.31770E-02
1.33510E-02
1.32980E-02
1.32200E-02
1.31790E-02
1.31280E-02
1.30780E-02
1.30170E-02
1.29890E-02
1.29270E-02
1.28690E-02
1.27150E-02
1.30710E-02
1.24270E-02
1.20730E-02
1.75440E-02
1.77970E-02
1.23900E-02
1.26570E-02
9.11130E-03
2.97930E-03
-1.19560E-03
-5.99710E-03
-1.02770E-02
-1.99750E-02
-2.99110E-02
-3.49220E-02
-3.98430E-02
-4.08590E-02
-4.01330E-02
-4.20600E-02
-3.68160E-02
-2.79190E-02
-2.24080E-02
-1.49050E-02
-7.79790E-03
-5.16320E-04
6.10440E-03
1.41780E-02
2.07460E-02
2.38760E-02
2.97540E-02
3.47060E-02
3.46540E-02
3.47740E-02
3.51560E-02
3.12400E-02
2.58830E-02
1.71040E-02
1.12210E-02
7.36080E-03
2.08400E-03
-3.42670E-03
-7.72660E-03
-8.49490E-03
-1.24620E-02
-1.44240E-02
-1.33950E-02
-9.79350E-03
-4.91570E-03
-6.82100E-05
4.64130E-03
4.92810E-03
8.44720E-03
1.47890E-02
1.86870E-02
1.97340E-02
1.85220E-02
1.93200E-02
2.35980E-02
2.46560E-02
2.32450E-02
2.34350E-02
2.82050E-02
3.31710E-02
3.24990E-02
3.70760E-02
4.22280E-02
4.61920E-02
5.58150E-02
6.13930E-02
6.51060E-02
7.05630E-02
7.50750E-02
8.05530E-02
8.08590E-02
7.63280E-02
7.22500E-02
6.31170E-02
5.32820E-02
4.44500E-02
3.05570E-02
1.52210E-02
1.63230E-03
-9.10160E-03
-1.83990E-02
-2.44540E-02
-2.82210E-02
-3.44920E-02
-3.89720E-02
-3.91680E-02
-4.32330E-02
-4.91670E-02
-5.31220E-02
-5.81690E-02
-6.30500E-02
-6.75430E-02
-7.27860E-02
-7.79980E-02
-7.79910E-02
-7.84650E-02
-7.85930E-02
-7.44820E-02
-7.36950E-02
-6.98620E-02
-6.86530E-02
-7.00950E-02
-6.53280E-02
-5.95370E-02
-5.60850E-02
-5.52380E-02
-5.11390E-02
-4.95240E-02
-5.13790E-02
-4.97590E-02
-5.01610E-02
-5.48950E-02
-5.56990E-02
-5.47490E-02
-5.53680E-02
-5.57080E-02
-5.57420E-02
-5.14940E-02
-4.70940E-02
-3.85270E-02
-2.41390E-02
-1.08840E-02
7.79940E-03
2.86790E-02
3.78170E-02
4.32960E-02
4.91530E-02
4.57470E-02
4.01100E-02
3.21750E-02
2.21300E-02
1.25900E-02
3.13690E-03
-2.85770E-03
-7.98930E-03
-3.91550E-03
7.27380E-04
4.08510E-03
1.82610E-02
2.91290E-02
3.64340E-02
4.77500E-02
5.69270E-02
6.25170E-02
6.70670E-02
6.83070E-02
6.71390E-02
6.86060E-02
6.80430E-02
6.38490E-02
6.21480E-02
6.37680E-02
6.71170E-02
6.76460E-02
7.11330E-02
7.78100E-02
7.62830E-02
7.78010E-02
7.72140E-02
6.95110E-02
6.67510E-02
6.08100E-02
5.74480E-02
5.10170E-02
4.33290E-02
4.02330E-02
3.51330E-02
3.02410E-02
2.10210E-02
1.51780E-02
1.18920E-02
5.67760E-03
9.43230E-04
3.74340E-04
1.26430E-03
-3.36140E-04
5.01260E-04
4.41790E-03
5.36690E-03
8.92420E-03
1.05000E-02
9.52290E-03
9.93440E-03
9.67550E-03
1.36760E-02
1.95140E-02
2.32590E-02
2.47360E-02
2.38050E-02
2.03290E-02
1.95640E-02
1.62630E-02
1.01890E-02
6.15940E-03
1.49860E-03
-3.72590E-03
-8.64850E-03
-9.33220E-03
-8.63580E-03
-8.50890E-03
-1.38810E-02
-1.82050E-02
-1.78300E-02
-2.65750E-02
-3.32740E-02
-3.62310E-02
-4.15260E-02
-4.69090E-02
-5.22770E-02
-4.78050E-02
-4.30080E-02
-3.90850E-02
-2.96080E-02
-2.41960E-02
-1.63760E-02
-4.99690E-03
2.98120E-03
1.29410E-02
2.72490E-02
3.74020E-02
4.60180E-02
5.71430E-02
6.25080E-02
6.22050E-02
6.26610E-02
6.37370E-02
5.95220E-02
4.94470E-02
4.10290E-02
3.14040E-02
1.73710E-02
7.52480E-03
-5.70570E-03
-2.16140E-02
-3.06020E-02
-4.01550E-02
-4.99490E-02
-6.02020E-02
-6.91150E-02
-7.46510E-02
-8.32820E-02
-9.02590E-02
-9.31240E-02
-9.57070E-02
-9.48140E-02
-8.68240E-02
-8.08110E-02
-7.32940E-02
-6.26000E-02
-5.34670E-02
-4.32660E-02
-3.86010E-02
-3.36310E-02
-2.69960E-02
-3.25790E-02
-3.68180E-02
-3.64640E-02
-4.54540E-02
-4.72110E-02
-4.95100E-02
-5.67920E-02
-5.60690E-02
-5.57860E-02
-5.65520E-02
-5.62440E-02
-5.62990E-02
-5.62250E-02
-5.63050E-02
-5.61800E-02
-5.63930E-02
-5.58000E-02
-5.68820E-02
-5.58090E-02
-5.26170E-02
-5.09930E-02
-4.43920E-02
-3.70960E-02
-2.57250E-02
-1.39430E-02
-2.29670E-03
1.40770E-02
2.77020E-02
3.80090E-02
4.69010E-02
5.76150E-02
6.71180E-02
7.26990E-02
7.63120E-02
8.20860E-02
9.12150E-02
9.71580E-02
1.00040E-01
1.07220E-01
1.11070E-01
1.08000E-01
1.06830E-01
9.96730E-02
9.23690E-02
9.00710E-02
8.33530E-02
7.93730E-02
7.86970E-02
7.44750E-02
7.37100E-02
7.10560E-02
6.04000E-02
5.11030E-02
4.33780E-02
2.85360E-02
8.90650E-03
-8.45370E-04
-9.48080E-03
-2.09130E-02
-2.53770E-02
-2.98300E-02
-3.59510E-02
-3.63400E-02
-3.14540E-02
-2.70420E-02
-2.23340E-02
-1.78140E-02
-1.31260E-02
-4.32580E-03
6.43850E-03
1.53530E-02
2.02150E-02
2.93660E-02
4.02900E-02
4.47600E-02
4.90230E-02
5.51240E-02
5.96430E-02
6.04660E-02
6.03630E-02
5.65510E-02
5.16100E-02
4.67800E-02
4.20250E-02
4.18830E-02
3.80170E-02
3.20630E-02
2.82740E-02
2.32380E-02
1.89390E-02
1.34180E-02
8.87980E-03
8.76370E-03
4.82480E-03
-1.18250E-03
-4.69560E-03
-9.98420E-03
-1.52890E-02
-1.52560E-02
-1.44900E-02
-1.96270E-02
-2.40770E-02
-2.90820E-02
-3.33960E-02
-3.43690E-02
-3.76760E-02
-3.97360E-02
-4.24180E-02
-4.37830E-02
-4.79680E-02
-4.90910E-02
-4.36610E-02
-4.34500E-02
-4.06170E-02
-3.45000E-02
-2.55980E-02
-1.93380E-02
-2.04800E-02
-1.92200E-02
-1.88710E-02
-2.37270E-02
-2.44640E-02
-2.33130E-02
-2.41570E-02
-2.38460E-02
-2.39450E-02
-2.40090E-02
-2.28350E-02
-2.77630E-02
-3.71210E-02
-4.18260E-02
-5.00310E-02
-6.10050E-02
-6.92150E-02
-7.95910E-02
-8.90160E-02
-9.46130E-02
-9.88180E-02
-1.00450E-01
-9.96290E-02
-9.63160E-02
-9.11770E-02
-8.27750E-02
-7.21580E-02
-6.36370E-02
-5.41720E-02
-4.01130E-02
-2.52750E-02
-1.15460E-02
2.78710E-03
1.76290E-02
3.22800E-02
4.19440E-02
5.17160E-02
6.19310E-02
6.73590E-02
7.19810E-02
7.31590E-02
7.25010E-02
7.32880E-02
7.29580E-02
7.34460E-02
7.26420E-02
7.32790E-02
7.72260E-02
7.78930E-02
8.19120E-02
8.39570E-02
7.79600E-02
7.40170E-02
7.04890E-02
6.01580E-02
5.07210E-02
4.61180E-02
3.68820E-02
3.06150E-02
2.71580E-02
2.19610E-02
1.66050E-02
1.20770E-02
1.17930E-02
8.18860E-03
1.86110E-03
-2.21900E-03
-2.79610E-03
-2.36460E-03
-3.01340E-03
-2.78200E-03
-2.71600E-03
-2.66020E-03
-2.89490E-03
-2.62550E-03
-1.76100E-03
-7.33280E-03
-1.16280E-02
-1.12070E-02
-2.00520E-02
-2.64150E-02
-2.96590E-02
-3.54820E-02
-3.60480E-02
-3.59060E-02
-3.17820E-02
-2.70140E-02
-2.27510E-02
-1.30320E-02
-7.76830E-03
-3.63140E-03
2.31290E-03
2.64810E-03
1.78250E-03
3.24480E-03
2.90820E-03
-1.75910E-03
-2.38100E-03
-1.72490E-03
-1.71060E-03
-2.03250E-03
-6.16570E-03
-6.90900E-03
-9.69530E-03
-1.65810E-02
-2.00400E-02
-2.04670E-02
-2.51090E-02
-2.67900E-02
-2.10750E-02
-1.66760E-02
-1.25490E-02
-7.28510E-03
-3.02160E-03
2.63290E-03
7.02150E-03
7.77570E-03
1.06720E-02
1.77820E-02
2.46450E-02
3.12430E-02
4.34320E-02
5.11040E-02
5.78350E-02
6.55030E-02
6.90800E-02
7.10260E-02
6.62320E-02
5.74290E-02
4.74520E-02
3.92010E-02
2.89000E-02
1.54390E-02
4.83780E-03
-8.25820E-03
-1.94900E-02
-2.77150E-02
-3.83410E-02
-4.74210E-02
-5.72680E-02
-6.71680E-02
-7.23070E-02
-7.68230E-02
-8.18560E-02
-8.72990E-02
-9.14910E-02
-9.20550E-02
-9.64180E-02
-9.75730E-02
-9.66760E-02
-9.77890E-02
-9.32320E-02
-8.80050E-02
-8.41330E-02
-7.86850E-02
-7.45450E-02
-6.94540E-02
-6.10950E-02
-5.07820E-02
-3.78010E-02
-2.61010E-02
-1.86590E-02
-1.16040E-02
-3.34780E-03
-1.26730E-03
1.52230E-03
4.23640E-03
2.31580E-03
2.79890E-03
7.50010E-03
1.19100E-02
1.62210E-02
2.59620E-02
3.11660E-02
3.52810E-02
4.08600E-02
4.16620E-02
4.12160E-02
3.67790E-02
3.66430E-02
3.70910E-02
3.22910E-02
3.14550E-02
2.82130E-02
2.60600E-02
2.78350E-02
2.70380E-02
2.32670E-02
1.71940E-02
1.34230E-02
1.30650E-02
8.09000E-03
6.74580E-03
1.28340E-02
1.23730E-02
1.18690E-02
1.29970E-02
8.36710E-03
2.94400E-03
-6.55840E-04
-6.58530E-03
-1.08640E-02
-1.15810E-02
-1.52630E-02
-1.76140E-02
-1.58470E-02
-1.25950E-02
-1.19050E-02
-8.41970E-03
-2.81970E-03
1.82410E-03
6.56570E-03
6.79070E-03
1.07670E-02
1.64560E-02
2.04900E-02
2.62830E-02
2.57190E-02
2.60740E-02
3.00280E-02
3.16950E-02
3.46370E-02
3.23160E-02
2.98780E-02
2.84670E-02
2.13650E-02
1.38350E-02
7.58750E-03
-1.36770E-03
-3.06690E-03
-1.08030E-03
-7.10540E-03
-1.19210E-02
-1.60510E-02
-2.07800E-02
-2.61410E-02
-3.07330E-02
-3.19570E-02
-3.11030E-02
-2.74380E-02
-2.71320E-02
-2.29880E-02
-1.73980E-02
-1.77670E-02
-1.34630E-02
-1.19400E-02
-1.33050E-02
-1.25440E-02
-1.24230E-02
-1.28690E-02
-1.30810E-02
-8.83200E-03
-3.30050E-03
3.95500E-04
5.21760E-03
1.41690E-02
2.43470E-02
3.40090E-02
3.81450E-02
4.37010E-02
5.28430E-02
5.47030E-02
5.77670E-02
5.50850E-02
5.35750E-02
5.49330E-02
4.99540E-02
4.90960E-02
4.56490E-02
4.38240E-02
4.52990E-02
4.40220E-02
4.46390E-02
4.49860E-02
4.03130E-02
3.50770E-02
3.19000E-02
2.25350E-02
7.30730E-03
-1.36050E-03
-1.06380E-02
-2.60730E-02
-3.15080E-02
-3.51750E-02
-4.18730E-02
-4.18360E-02
-4.13910E-02
-4.20470E-02
-4.22370E-02
-4.16850E-02
-4.13840E-02
-4.69350E-02
-4.72220E-02
-4.20160E-02
-4.20110E-02
-3.89780E-02
-3.30010E-02
-2.48020E-02
-1.45450E-02
-6.09290E-03
4.55160E-03
1.36640E-02
1.88360E-02
2.82240E-02
3.37520E-02
3.74240E-02
4.77250E-02
5.31590E-02
5.67790E-02
6.26180E-02
6.68800E-02
7.20380E-02
7.71110E-02
7.70470E-02
7.74520E-02
7.76610E-02
7.31330E-02
7.30510E-02
6.88690E-02
6.33540E-02
6.33480E-02
5.93510E-02
5.81260E-02
5.47710E-02
4.89090E-02
4.56550E-02
3.55130E-02
2.55960E-02
2.18270E-02
1.20350E-02
1.48960E-03
-2.50840E-03
-1.15710E-02
-2.21680E-02
-3.11050E-02
-4.01420E-02
-5.10620E-02
-6.02570E-02
-6.13510E-02
-6.48170E-02
-6.74930E-02
-6.61550E-02
-6.26810E-02
-5.72820E-02
-5.35280E-02
-4.82040E-02
-4.27820E-02
-4.30250E-02
-4.38740E-02
-3.73350E-02
-3.76880E-02
-4.32930E-02
-3.86440E-02
-3.65410E-02
-3.93160E-02
-3.81570E-02
-3.32320E-02
-3.33990E-02
-3.39710E-02
-2.88820E-02
-2.83860E-02
-2.56210E-02
-1.87350E-02
-1.50430E-02
-1.49560E-02
-1.08370E-02
-4.39750E-03
-4.51210E-03
-9.66160E-03
-1.32900E-02
-1.82230E-02
-2.71340E-02
-3.29440E-02
-4.12670E-02
-4.79090E-02
-5.12440E-02
-5.68940E-02
-6.25600E-02
-6.23890E-02
-5.79720E-02
-5.79510E-02
-5.49180E-02
-4.80730E-02
-4.44380E-02
-4.42220E-02
-3.98240E-02
-3.46450E-02
-3.07820E-02
-2.07700E-02
-1.58590E-02
-1.18900E-02
-2.99710E-03
7.80120E-03
2.07850E-02
2.70730E-02
3.50240E-02
4.19040E-02
4.54750E-02
5.13850E-02
5.15570E-02
5.11810E-02
5.15220E-02
5.17660E-02
5.16730E-02
4.77390E-02
4.24100E-02
3.41110E-02
2.46570E-02
1.04440E-02
-4.13750E-03
-1.37380E-02
-2.73570E-02
-3.89170E-02
-4.76660E-02
-5.31980E-02
-5.80960E-02
-6.43210E-02
-5.98300E-02
-5.40270E-02
-5.50420E-02
-5.50000E-02
-5.46290E-02
-5.47620E-02
-5.38010E-02
-5.94700E-02
-6.44940E-02
-5.97390E-02
-5.94930E-02
-5.70900E-02
-4.64240E-02
-3.71760E-02
-2.86430E-02
-1.80380E-02
-9.15150E-03
-3.49570E-03
5.03300E-03
1.10800E-02
1.90530E-02
2.94690E-02
3.85770E-02
4.85340E-02
5.39640E-02
5.74650E-02
6.41130E-02
6.87790E-02
6.42040E-02
6.33100E-02
6.54920E-02
5.94420E-02
5.51520E-02
5.07680E-02
4.13590E-02
3.53120E-02
3.13370E-02
3.00400E-02
3.06140E-02
3.00410E-02
2.97300E-02
3.04620E-02
3.02890E-02
2.53500E-02
2.48440E-02
2.63430E-02
2.05960E-02
1.63650E-02
1.20030E-02
2.34470E-03
-3.44480E-03
-6.65860E-03
-1.32640E-02
-1.74810E-02
-1.77480E-02
-2.22930E-02
-2.41940E-02
-1.82620E-02
-1.43950E-02
-1.02200E-02
-1.15060E-03
9.23710E-03
1.83570E-02
2.37120E-02
2.77910E-02
3.35020E-02
3.87720E-02
3.82420E-02
3.84740E-02
4.30400E-02
4.37920E-02
4.72930E-02
4.90140E-02
4.77720E-02
4.83080E-02
4.86230E-02
4.84910E-02
4.45120E-02
3.95130E-02
3.09520E-02
2.08370E-02
1.17690E-02
2.46320E-03
-8.07130E-03
-1.70920E-02
-2.25560E-02
-3.10640E-02
-3.83050E-02
-4.12290E-02
-4.28290E-02
-4.65580E-02
-4.84280E-02
-4.75200E-02
-4.36130E-02
-3.88040E-02
-3.45240E-02
-2.58050E-02
-1.53320E-02
-3.12720E-03
1.14500E-02
3.49050E-02
5.52810E-02
6.76690E-02
8.83030E-02
1.04190E-01
1.08820E-01
1.13810E-01
1.15440E-01
1.15370E-01
1.11400E-01
1.02400E-01
9.29350E-02
7.90600E-02
6.82950E-02
6.13430E-02
4.54450E-02
2.64430E-02
1.66410E-02
3.98450E-03
-1.26090E-02
-2.52490E-02
-4.06950E-02
-5.47730E-02
-6.44820E-02
-7.86750E-02
-9.00540E-02
-9.38460E-02
-9.91960E-02
-1.04110E-01
-1.09210E-01
-1.13810E-01
-1.15060E-01
-1.14250E-01
-1.10260E-01
-1.10180E-01
-1.06730E-01
-9.60290E-02
-9.13540E-02
-8.74300E-02
-8.18380E-02
-7.68130E-02
-7.27530E-02
-6.77440E-02
-5.84970E-02
-5.25560E-02
-4.91780E-02
-4.40900E-02
-3.44080E-02
-2.43870E-02
-2.08150E-02
-1.04740E-02
-1.01780E-03
3.63060E-03
1.75010E-02
2.47170E-02
2.65460E-02
3.39880E-02
3.82660E-02
3.81160E-02
4.24080E-02
4.90590E-02
4.77600E-02
4.79110E-02
5.28050E-02
5.42840E-02
5.25300E-02
4.97060E-02
4.81900E-02
4.50690E-02
4.36120E-02
4.05610E-02
3.44970E-02
3.05710E-02
2.55140E-02
2.10850E-02
1.60120E-02
1.08920E-02
1.06360E-02
1.08640E-02
1.07220E-02
1.00420E-02
1.07460E-02
1.44940E-02
1.58700E-02
1.89930E-02
2.05490E-02
2.35010E-02
2.96710E-02
3.35920E-02
3.87390E-02
4.31500E-02
4.87800E-02
5.31500E-02
5.36970E-02
5.81120E-02
5.91900E-02
5.87250E-02
5.91860E-02
5.47750E-02
5.43420E-02
5.06620E-02
4.52930E-02
4.12710E-02
3.16810E-02
2.60310E-02
2.25730E-02
1.67390E-02
1.26710E-02
7.05650E-03
2.78900E-03
2.24220E-03
-1.90600E-03
-3.41530E-03
-1.99030E-03
-3.01690E-03
-2.31230E-03
-3.10610E-03
-2.59600E-03
1.69970E-03
2.29710E-03
5.65710E-03
1.17910E-02
1.57810E-02
2.07590E-02
2.56810E-02
3.00120E-02
3.57510E-02
4.01530E-02
4.03720E-02
4.54170E-02
4.66540E-02
4.06160E-02
4.20050E-02
3.76060E-02
2.79830E-02
2.36250E-02
1.03300E-02
-7.13070E-04
-8.32160E-03
-2.37090E-02
-3.35100E-02
-4.24350E-02
-5.27460E-02
-5.84950E-02
-6.23700E-02
-6.31040E-02
-6.78750E-02
-6.91100E-02
-6.32530E-02
-6.28420E-02
-6.45850E-02
-6.31090E-02
-5.91560E-02
-5.86070E-02
-5.50910E-02
-4.93990E-02
-4.45940E-02
-4.00880E-02
-3.94410E-02
-3.52220E-02
-3.36510E-02
-3.49710E-02
-3.40080E-02
-3.41690E-02
-3.41720E-02
-3.40780E-02
-3.40820E-02
-3.40180E-02
-3.41140E-02
-3.36400E-02
-3.43300E-02
-3.42580E-02
-2.91370E-02
-2.90160E-02
-2.99290E-02
-2.43430E-02
-2.38130E-02
-2.46170E-02
-2.39430E-02
-2.47960E-02
-1.96490E-02
-1.45350E-02
-1.54150E-02
-1.07100E-02
-4.47730E-03
-5.26170E-03
-5.21570E-03
-3.69730E-03
-9.24460E-03
-1.37840E-02
-1.41840E-02
-1.73120E-02
-1.96840E-02
-2.29330E-02
-1.95220E-02
-1.81220E-02
-1.98920E-02
-1.42690E-02
-1.35530E-02
-1.48930E-02
-1.34090E-02
-1.45230E-02
-1.38630E-02
-1.00390E-02
-8.70600E-03
-5.43990E-03
-4.38150E-03
-5.27560E-04
5.41250E-03
4.71740E-03
8.79930E-03
1.51940E-02
1.83620E-02
2.34470E-02
3.32990E-02
3.81090E-02
4.20620E-02
5.24440E-02
5.77680E-02
6.12900E-02
6.83620E-02
6.75110E-02
6.38170E-02
6.32700E-02
5.59520E-02
4.86520E-02
4.18120E-02
3.42700E-02
3.10730E-02
2.98540E-02
2.68340E-02
1.95980E-02
1.70970E-02
1.56990E-02
7.70520E-03
4.80000E-03
3.37220E-03
5.77290E-04
-2.53360E-03
-4.17250E-03
-2.88910E-03
-3.72520E-03
-3.55660E-03
-3.46630E-03
-3.50950E-03
-3.46200E-03
-3.46480E-03
-3.42870E-03
-3.41510E-03
-3.41130E-03
-3.35960E-03
-3.38570E-03
-3.30260E-03
-3.47510E-03
-2.93650E-03
-3.85590E-03
-3.14290E-03
6.00160E-04
2.10680E-03
4.74220E-03
7.11790E-03
9.70790E-03
1.16880E-02
1.47770E-02
1.67170E-02
1.61740E-02
1.17350E-02
7.02590E-03
6.73270E-03
2.83790E-03
1.48000E-03
-1.34720E-03
-8.01030E-03
-1.09950E-02
-1.64060E-02
-2.54180E-02
-3.08660E-02
-3.86610E-02
-4.99330E-02
-5.89170E-02
-6.37840E-02
-6.91820E-02
-7.37030E-02
-7.47260E-02
-7.89370E-02
-7.53060E-02
-7.41740E-02
-7.51730E-02
-7.07410E-02
-6.97700E-02
-6.24800E-02
-5.53010E-02
-4.89500E-02
-3.75300E-02
-2.43430E-02
-1.34100E-02
-5.62900E-03
5.05560E-03
1.92160E-02
2.90490E-02
3.83010E-02
4.87810E-02
5.31730E-02
6.23500E-02
7.33580E-02
7.76330E-02
8.19230E-02
8.78310E-02
9.27550E-02
9.28110E-02
9.29610E-02
9.35540E-02
8.93570E-02
8.43600E-02
7.60910E-02
6.54500E-02
5.72320E-02
4.74470E-02
3.26930E-02
2.33210E-02
1.42110E-02
-9.24820E-05
-1.08910E-02
-2.32300E-02
-3.44450E-02
-4.78520E-02
-5.90850E-02
-6.30030E-02
-6.90480E-02
-6.98550E-02
-6.51470E-02
-6.09160E-02
-5.22450E-02
-4.20660E-02
-3.30950E-02
-2.34720E-02
-1.34890E-02
-4.68190E-03
5.15840E-03
1.93580E-02
2.96940E-02
3.82470E-02
4.86060E-02
5.80330E-02
6.82910E-02
7.37060E-02
7.38160E-02
7.37470E-02
7.47690E-02
7.43560E-02
7.06910E-02
6.53510E-02
5.65440E-02
5.08780E-02
4.67260E-02
4.19140E-02
3.67050E-02
2.81300E-02
2.23280E-02
1.38820E-02
7.69070E-03
3.80660E-03
-2.10510E-03
-2.31850E-03
-1.75360E-03
-2.90360E-03
-1.96500E-03
-2.00140E-03
-7.16080E-03
-7.08520E-03
-6.48240E-03
-1.15250E-02
-1.23210E-02
-1.47600E-02
-2.09740E-02
-2.99660E-02
-3.50300E-02
-3.88130E-02
-4.95460E-02
-5.43050E-02
-5.78350E-02
-6.88470E-02
-7.29250E-02
-7.79360E-02
-8.75230E-02
-8.81390E-02
-9.60340E-02
-1.03740E-01
-1.02000E-01
-1.03410E-01
-9.94820E-02
-8.99870E-02
-8.13900E-02
-6.70290E-02
-5.24810E-02
-4.35540E-02
-2.86240E-02
-1.80780E-02
-1.40480E-02
-4.57600E-03
2.26510E-03
5.50880E-03
6.54720E-03
1.04640E-02
1.59580E-02
2.04290E-02
2.52600E-02
2.62630E-02
2.55170E-02
2.26780E-02
1.65850E-02
8.56490E-03
2.57240E-03
-5.93410E-03
-1.20890E-02
-1.59380E-02
-2.18280E-02
-2.22560E-02
-2.12980E-02
-2.28560E-02
-2.24320E-02
-1.79680E-02
-1.67380E-02
-1.86200E-02
-1.76550E-02
-1.30450E-02
-1.26970E-02
-1.40650E-02
-8.65820E-03
-4.00430E-03
4.67980E-04
5.68430E-03
6.07780E-03
5.56910E-03
6.39570E-03
5.65050E-03
6.41310E-03
6.18490E-03
1.67140E-03
3.33210E-04
2.19610E-03
1.03100E-03
-3.26360E-03
-4.47240E-03
-2.92990E-03
-3.79090E-03
-7.54220E-03
-1.37540E-02
-1.69810E-02
-1.82040E-02
-2.27130E-02
-1.97860E-02
-1.33660E-02
-1.02300E-02
-5.04490E-03
-2.41250E-04
4.54490E-03
9.05060E-03
1.41620E-02
1.93670E-02
1.92120E-02
1.95610E-02
1.99670E-02
1.52650E-02
1.39220E-02
1.59450E-02
1.43350E-02
1.06350E-02
9.64410E-03
6.06300E-03
4.29040E-03
5.49020E-03
5.00370E-03
4.56760E-03
4.25860E-03
9.62800E-03
1.02070E-02
4.56750E-03
4.06780E-03
6.11340E-03
4.16700E-03
1.61950E-04
3.77640E-03
4.80450E-03
8.48610E-03
1.34210E-02
1.36040E-02
2.22940E-02
2.41020E-02
2.62360E-02
3.36000E-02
3.27780E-02
3.26740E-02
3.27900E-02
3.38400E-02
3.25030E-02
2.86980E-02
3.24160E-02
2.94850E-02
2.72470E-02
2.81360E-02
2.83920E-02
3.21570E-02
2.88460E-02
3.12170E-02
3.33750E-02
3.63690E-02
4.21590E-02
4.18880E-02
4.61950E-02
4.79040E-02
4.60190E-02
4.78120E-02
4.70680E-02
4.28260E-02
4.23470E-02
3.87310E-02
3.28690E-02
2.96480E-02
1.96130E-02
9.59040E-03
5.70390E-03
-3.74820E-03
-1.46800E-02
-1.90010E-02
-2.32320E-02
-2.91970E-02
-3.39710E-02
-3.45050E-02
-3.38740E-02
-3.45800E-02
-3.53110E-02
-3.08840E-02
-2.05620E-02
-1.65340E-02
-1.23310E-02
-2.40760E-03
3.77450E-03
6.94840E-03
8.43090E-03
1.25760E-02
1.35840E-02
1.30420E-02
1.37400E-02
8.95180E-03
7.91320E-03
9.55280E-03
7.85780E-03
8.37830E-03
1.26170E-02
1.41000E-02
1.29740E-02
8.72230E-03
8.60820E-03
9.13400E-03
4.20250E-03
3.32430E-03
8.89560E-04
-5.65420E-03
-1.37020E-02
-2.02780E-02
-2.34500E-02
-2.49090E-02
-2.90620E-02
-3.01760E-02
-2.93160E-02
-3.03250E-02
-2.61880E-02
-2.01660E-02
-1.62840E-02
-1.62080E-02
-1.18500E-02
-5.65960E-03
-6.26000E-03
-6.27800E-03
-6.04920E-03
-5.38120E-03
-6.05510E-03
-9.89290E-03
-1.09220E-02
-1.42890E-02
-1.64900E-02
-1.43980E-02
-1.54770E-02
-1.98090E-02
-2.06120E-02
-1.95030E-02
-2.05150E-02
-1.98830E-02
-2.06700E-02
-2.02140E-02
-1.59400E-02
-1.58410E-02
-1.17860E-02
-5.70940E-03
-6.80010E-03
-2.21050E-03
3.88830E-03
3.73190E-03
2.86810E-03
3.57520E-03
8.48980E-03
8.38960E-03
7.96800E-03
1.27430E-02
1.35910E-02
1.69000E-02
1.91520E-02
1.69460E-02
1.84550E-02
2.21930E-02
2.30190E-02
2.69520E-02
2.79080E-02
2.67800E-02
3.22750E-02
3.29460E-02
3.18680E-02
3.25500E-02
3.25840E-02
3.32780E-02
2.80260E-02
2.34020E-02
2.35800E-02
1.90830E-02
1.77230E-02
1.86660E-02
1.85820E-02
1.83070E-02
1.39430E-02
1.38450E-02
9.78370E-03
3.86400E-03
4.46460E-03
8.11690E-04
-5.96770E-03
-9.53030E-03
-1.01400E-02
-1.34790E-02
-2.06220E-02
-2.31120E-02
-2.44980E-02
-3.27640E-02
-3.47890E-02
-3.79110E-02
-3.97450E-02
-3.42560E-02
-3.53180E-02
-2.62910E-02
-1.58650E-02
-1.24550E-02
1.58030E-03
1.27890E-02
2.08430E-02
3.13900E-02
3.67970E-02
4.14910E-02
4.22960E-02
4.19280E-02
4.33170E-02
3.79860E-02
3.29220E-02
3.36270E-02
2.89670E-02
2.39130E-02
1.98590E-02
1.02080E-02
4.55860E-03
1.05220E-03
-5.10960E-03
-8.94760E-03
-1.39030E-02
-2.32810E-02
-2.88440E-02
-3.25800E-02
-3.82300E-02
-4.29410E-02
-4.72740E-02
-5.29220E-02
-5.73600E-02
-5.74710E-02
-6.24360E-02
-6.34240E-02
-5.79750E-02
-5.82960E-02
-5.48200E-02
-4.86330E-02
-4.48150E-02
-3.96750E-02
-3.52890E-02
-2.96850E-02
-2.53330E-02
-2.49460E-02
-2.02100E-02
-1.95950E-02
-2.03840E-02
-1.55040E-02
-1.46450E-02
-1.21500E-02
-5.77770E-03
2.68390E-03
8.65390E-03
1.19890E-02
1.82350E-02
2.26980E-02
2.34920E-02
2.33180E-02
1.97330E-02
1.38470E-02
1.04610E-02
5.31110E-03
-4.15070E-03
-9.72960E-03
-1.34750E-02
-1.90140E-02
-2.36630E-02
-2.82750E-02
-3.36980E-02
-3.72730E-02
-4.30360E-02
-5.23600E-02
-5.30710E-02
-5.62740E-02
-6.34360E-02
-6.22830E-02
-6.26660E-02
-6.31330E-02
-5.94810E-02
-5.36380E-02
-4.57330E-02
-3.94260E-02
-3.15020E-02
-2.53430E-02
-1.72470E-02
-6.67620E-03
1.52710E-03
1.60990E-02
3.12170E-02
4.01180E-02
4.99560E-02
6.05730E-02
6.52160E-02
7.00040E-02
7.56590E-02
7.58370E-02
7.53950E-02
7.61360E-02
7.58630E-02
7.60510E-02
7.55740E-02
7.64540E-02
7.58230E-02
7.21300E-02
7.08450E-02
6.75950E-02
6.65390E-02
6.27560E-02
5.68050E-02
5.76740E-02
5.30450E-02
4.78370E-02
4.39350E-02
3.39670E-02
2.85960E-02
2.56580E-02
1.49850E-02
5.41690E-03
8.68370E-05
-4.01190E-03
-5.27930E-03
-9.22000E-03
-1.07500E-02
-9.40430E-03
-1.04340E-02
-9.79500E-03
-1.04750E-02
-1.04330E-02
-5.35070E-03
-5.24050E-03
-6.30260E-03
-2.54510E-04
-5.30990E-04
-1.16520E-03
4.03930E-03
4.51150E-03
7.47840E-03
1.39290E-02
1.85080E-02
1.84000E-02
1.81430E-02
2.35100E-02
2.39920E-02
2.34230E-02
2.32520E-02
2.38890E-02
2.84230E-02
2.42320E-02
2.32310E-02
2.46210E-02
1.96110E-02
1.88350E-02
1.53560E-02
1.36430E-02
1.49600E-02
1.42310E-02
1.39610E-02
1.48960E-02
1.43280E-02
1.01800E-02
9.55000E-03
6.36320E-03
3.44780E-05
-3.31760E-03
-9.19700E-03
-1.33650E-02
-1.43550E-02
-1.77000E-02
-1.93710E-02
-2.26850E-02
-2.44850E-02
-2.27440E-02
-2.43080E-02
-2.41080E-02
-1.89180E-02
-1.89260E-02
-1.96670E-02
-1.46700E-02
-1.32160E-02
-1.49290E-02
-1.78410E-02
-1.88450E-02
-2.29860E-02
-2.34740E-02
-2.31740E-02
-2.81680E-02
-2.44660E-02
-2.30370E-02
-2.03830E-02
-1.34490E-02
-1.45550E-02
-1.50930E-02
-8.81890E-03
-8.79140E-03
-1.40700E-02
-1.38840E-02
-1.67950E-02
-2.38070E-02
-2.71570E-02
-2.79200E-02
-3.22480E-02
-3.34220E-02
-3.23750E-02
-3.39620E-02
-2.86230E-02
-2.34140E-02
-2.43100E-02
-1.97780E-02
-1.34290E-02
-1.42590E-02
-1.50240E-02
-9.45890E-03
-4.28020E-03
-4.54040E-03
-4.78420E-03
-3.89510E-03
-4.62240E-03
-3.84580E-03
-4.14850E-03
-8.41320E-03
-9.68440E-03
-8.77440E-03
-5.42990E-03
4.82430E-04
3.86780E-03
9.00850E-03
1.84640E-02
2.40570E-02
2.77490E-02
3.31390E-02
3.79980E-02
4.34530E-02
4.31210E-02
4.29810E-02
4.78980E-02
4.91840E-02
4.80190E-02
4.39510E-02
4.34580E-02
4.44490E-02
3.95560E-02
3.47520E-02
2.64040E-02
1.60940E-02
7.21430E-03
-2.74120E-03
-1.19650E-02
-2.19200E-02
-3.17160E-02
-3.70960E-02
-4.09760E-02
-4.72800E-02
-5.16430E-02
-5.19520E-02
-5.55290E-02
-6.22050E-02
-6.56980E-02
-6.60660E-02
-7.11600E-02
-7.22860E-02
-6.62990E-02
-6.73590E-02
-6.37450E-02
-5.30230E-02
-4.84050E-02
-4.44980E-02
-3.88200E-02
-3.42450E-02
-2.95300E-02
-2.46650E-02
-1.99430E-02
-1.50930E-02
-1.08200E-02
-5.13490E-03
-8.96000E-04
-3.38510E-04
3.87320E-03
5.35260E-03
3.99510E-03
4.77940E-03
4.98630E-03
4.22580E-03
4.26640E-03
9.32630E-03
9.36820E-03
8.43060E-03
1.40190E-02
1.43370E-02
1.33770E-02
1.51870E-02
9.26000E-03
4.99290E-03
5.16330E-03
-3.18710E-03
-1.08770E-02
-1.30610E-02
-1.49790E-02
-1.84280E-02
-2.09110E-02
-1.86840E-02
-1.62080E-02
-1.53140E-02
-7.35740E-03
-4.79510E-04
2.27660E-03
8.24310E-03
1.25160E-02
1.76230E-02
2.28020E-02
2.29130E-02
2.25050E-02
2.40750E-02
1.93270E-02
9.21570E-03
4.84930E-03
-2.76890E-05
-5.07520E-03
-6.02850E-03
-9.04910E-03
-1.15510E-02
-1.48010E-02
-1.15010E-02
-1.00950E-02
-1.21020E-02
-5.93090E-03
-6.05740E-03
-7.10280E-03
-1.51100E-03
-9.79760E-04
-2.09820E-03
-1.22600E-03
-1.43560E-03
-1.63150E-03
-1.17360E-03
-1.95040E-03
-1.78480E-03
2.82440E-03
3.60750E-03
2.48930E-03
3.35520E-03
3.14580E-03
2.94340E-03
3.41530E-03
2.62620E-03
2.82230E-03
7.39970E-03
8.22320E-03
6.96180E-03
8.28690E-03
7.31600E-03
7.32220E-03
1.24380E-02
1.24710E-02
1.14230E-02
1.72490E-02
1.75540E-02
1.57080E-02
2.18790E-02
2.62990E-02
2.60550E-02
3.07060E-02
3.16650E-02
3.12270E-02
3.14400E-02
2.74780E-02
2.59730E-02
2.34410E-02
2.11810E-02
1.81820E-02
1.70020E-02
1.35120E-02
7.01250E-03
7.94640E-03
7.34680E-03
7.05280E-03
1.15960E-02
1.20610E-02
1.55460E-02
2.11370E-02
2.58510E-02
3.01360E-02
3.12480E-02
3.46010E-02
3.63740E-02
3.95860E-02
4.15000E-02
3.96760E-02
4.14560E-02
4.07240E-02
3.64770E-02
3.59110E-02
3.26510E-02
2.64360E-02
2.27320E-02
1.75450E-02
1.33500E-02
7.21120E-03
3.82310E-03
2.60330E-03
-5.38450E-03
-8.34290E-03
-9.78970E-03
-1.25790E-02
-1.57390E-02
-1.73540E-02
-1.62400E-02
-1.66130E-02
-1.73420E-02
-1.67470E-02
-1.25830E-02
-1.19520E-02
-8.71700E-03
-2.52770E-03
1.33420E-03
6.44700E-03
1.09420E-02
1.61420E-02
2.13030E-02
2.13700E-02
2.12490E-02
2.26130E-02
1.72950E-02
1.21970E-02
1.28480E-02
8.44920E-03
3.06640E-03
-1.72950E-03
-6.05200E-03
-7.14470E-03
-1.04180E-02
-1.24830E-02
-1.53030E-02
-1.69580E-02
-1.94810E-02
-2.64310E-02
-2.98390E-02
-3.04620E-02
-3.51280E-02
-3.59920E-02
-3.43660E-02
-4.07800E-02
-4.08810E-02
-3.54910E-02
-3.58350E-02
-3.24360E-02
-2.58430E-02
-2.26660E-02
-1.76360E-02
-8.00880E-03
-2.87250E-03
1.70000E-03
6.88530E-03
7.27890E-03
1.14510E-02
1.30560E-02
1.16700E-02
1.26490E-02
1.23070E-02
1.27650E-02
1.20300E-02
1.22280E-02
1.68940E-02
1.78270E-02
1.62990E-02
1.78260E-02
1.78990E-02
1.24760E-02
1.19190E-02
1.76700E-02
1.76010E-02
1.65670E-02
1.79750E-02
1.71050E-02
1.68600E-02
2.22420E-02
2.30330E-02
1.68440E-02
1.77760E-02
1.82410E-02
1.29050E-02
1.30920E-02
8.94430E-03
3.42390E-03
3.34310E-03
-3.27030E-04
-1.89880E-03
-5.60670E-03
-6.60000E-03
-5.42230E-03
-1.09760E-02
-1.15680E-02
-1.04170E-02
-1.12220E-02
-1.14230E-02
-1.06610E-02
-1.08370E-02
-1.54750E-02
-1.62650E-02
-1.51600E-02
-1.60280E-02
-1.58360E-02
-1.56350E-02
-1.61390E-02
-1.53500E-02
-1.55630E-02
-1.99320E-02
-2.11920E-02
-1.93210E-02
-2.03980E-02
-2.48080E-02
-2.55950E-02
-2.44810E-02
-2.53880E-02
-2.51610E-02
-2.51250E-02
-2.51200E-02
-2.51390E-02
-2.50970E-02
-2.52200E-02
-2.47440E-02
-2.55990E-02
-2.50950E-02
-2.08310E-02
-2.02510E-02
-1.70350E-02
-1.09310E-02
-6.98830E-03
-2.04090E-03
2.95390E-03
7.35540E-03
1.26460E-02
1.76190E-02
1.81940E-02
1.72860E-02
1.88790E-02
1.81450E-02
1.39320E-02
1.33820E-02
1.01060E-02
3.97160E-03
7.63260E-05
-4.87600E-03
-9.72000E-03
-1.44590E-02
-1.92930E-02
-2.37320E-02
-2.89470E-02
-3.39820E-02
-3.43330E-02
-3.40440E-02
-3.42730E-02
-3.48890E-02
-3.44010E-02
-3.01520E-02
-2.97090E-02
-2.59390E-02
-2.06350E-02
-1.63700E-02
-7.11400E-03
-1.73720E-03
6.50130E-03
1.69650E-02
2.64450E-02
3.55920E-02
4.14590E-02
4.97160E-02
5.61910E-02
6.44440E-02
7.05440E-02
7.47770E-02
7.99680E-02
8.03330E-02
8.46740E-02
8.58590E-02
8.50800E-02
8.57780E-02
8.20580E-02
7.62650E-02
6.81100E-02
6.24740E-02
5.45770E-02
4.31730E-02
3.52690E-02
2.52740E-02
1.14670E-02
3.46850E-04
-8.06380E-03
-1.35850E-02
-2.24740E-02
-3.33930E-02
-3.76700E-02
-4.22550E-02
-4.77450E-02
-5.25480E-02
-5.65590E-02
-6.24160E-02
-6.72890E-02
-6.30870E-02
-6.15780E-02
-6.35990E-02
-6.33310E-02
-5.78700E-02
-5.40860E-02
-5.36530E-02
-4.49910E-02
-4.28840E-02
-4.08380E-02
-3.42180E-02
-2.97680E-02
-2.49840E-02
-2.47430E-02
-2.08140E-02
-1.49380E-02
-1.11010E-02
-6.02100E-03
-1.24500E-03
3.57970E-03
8.34440E-03
1.32750E-02
1.76610E-02
2.33080E-02
2.75290E-02
2.79430E-02
3.26500E-02
3.34130E-02
3.22490E-02
3.78120E-02
3.84350E-02
3.74000E-02
3.80450E-02
3.81940E-02
3.84630E-02
3.40290E-02
2.89640E-02
2.45050E-02
2.02530E-02
1.52400E-02
5.87990E-03
2.28710E-04
-3.41570E-03
-9.27740E-03
-1.34010E-02
-1.87950E-02
-2.35510E-02
-2.33930E-02
-2.77930E-02
-3.39150E-02
-3.33220E-02
-3.33700E-02
-3.38680E-02
-3.28620E-02
-3.81990E-02
-4.27580E-02
-4.31050E-02
-4.67630E-02
-4.85800E-02
-5.15330E-02
-5.36620E-02
-5.26000E-02
-4.90520E-02
-4.37750E-02
-3.91870E-02
-3.49480E-02
-2.99580E-02
-2.04350E-02
-1.53170E-02
-1.08520E-02
-5.54410E-03
-5.40640E-03
-6.80880E-04
-6.29950E-05
-7.46430E-04
3.94500E-03
5.19240E-03
7.94790E-03
9.76940E-03
1.34880E-02
1.45090E-02
1.33260E-02
1.89010E-02
1.93720E-02
1.87090E-02
1.88770E-02
1.88710E-02
2.33350E-02
2.46730E-02
2.27480E-02
2.39330E-02
2.80520E-02
2.94490E-02
2.71450E-02
2.91230E-02
3.30320E-02
2.95890E-02
2.78110E-02
2.59600E-02
1.89240E-02
1.50110E-02
1.51880E-02
1.03210E-02
4.92370E-03
5.29340E-03
7.19150E-04
-3.49560E-04
1.49710E-04
-1.40290E-04
3.96690E-03
4.99230E-03
8.48980E-03
1.02420E-02
8.88840E-03
9.80990E-03
9.61930E-03
9.60070E-03
9.54720E-03
9.84890E-03
9.47310E-03
9.11010E-03
1.39460E-02
1.84960E-02
2.27130E-02
3.24700E-02
3.75640E-02
4.22660E-02
4.70050E-02
4.82200E-02
5.19340E-02
4.92280E-02
4.74440E-02
4.47430E-02
3.88580E-02
3.51370E-02
2.59550E-02
1.57100E-02
7.37330E-03
-3.38710E-03
-1.22680E-02
-1.79980E-02
-2.62040E-02
-3.28520E-02
-4.05960E-02
-4.75230E-02
-5.12330E-02
-5.24840E-02
-5.19920E-02
-5.22920E-02
-5.25220E-02
-5.27290E-02
-4.84410E-02
-4.28960E-02
-3.90710E-02
-3.47020E-02
-2.46310E-02
-1.52340E-02
-1.06570E-02
-9.81880E-04
4.74440E-03
7.87950E-03
1.91530E-02
2.40630E-02
2.35260E-02
2.84620E-02
3.01920E-02
2.81310E-02
2.92360E-02
3.37240E-02
3.44900E-02
3.34450E-02
3.43070E-02
3.42990E-02
3.37720E-02
3.47030E-02
3.40950E-02
3.02960E-02
2.90240E-02
2.58510E-02
2.48990E-02
2.09090E-02
1.54870E-02
1.53250E-02
1.18110E-02
9.77870E-03
6.92810E-03
5.43200E-03
2.25410E-03
-3.40710E-03
-8.04790E-03
-1.29660E-02
-1.28070E-02
-1.69410E-02
-2.35110E-02
-2.23980E-02
-2.18590E-02
-2.80000E-02
-2.83190E-02
-2.27260E-02
-2.23320E-02
-2.41150E-02
-2.25310E-02
-1.89600E-02
-1.76790E-02
-1.44830E-02
-1.33570E-02
-9.78010E-03
-3.61240E-03
-3.60490E-03
-4.71320E-03
-3.42920E-03
5.18100E-04
1.13800E-03
4.43050E-03
1.07140E-02
1.42860E-02
1.96600E-02
2.47860E-02
2.50960E-02
2.48770E-02
2.50570E-02
2.57640E-02
2.51280E-02
2.13770E-02
2.00530E-02
1.68540E-02
1.57840E-02
1.20040E-02
5.95020E-03
7.11510E-03
2.24450E-03
-3.66490E-03
-2.42080E-03
-7.45770E-03
-1.29340E-02
-1.23930E-02
-1.72280E-02
-1.79370E-02
-1.68470E-02
-2.21960E-02
-2.33310E-02
-2.12400E-02
-2.28770E-02
-2.64640E-02
-2.76410E-02
-3.06640E-02
-3.33040E-02
-3.13040E-02
-2.84180E-02
-2.68960E-02
-2.37630E-02
-2.23030E-02
-1.92150E-02
-1.32180E-02
-9.20620E-03
-4.50970E-03
6.84810E-04
5.83090E-03
5.78190E-03
6.19430E-03
6.30390E-03
2.12360E-03
1.29050E-03
-2.67330E-03
-3.56440E-03
-2.81760E-03
-7.67630E-03
-8.29430E-03
-1.23190E-02
-1.31710E-02
-1.25080E-02
-1.69270E-02
-1.86280E-02
-2.06600E-02
-2.27860E-02
-3.07230E-02
-3.32510E-02
-3.08380E-02
-3.27210E-02
-3.20830E-02
-3.22410E-02
-3.30720E-02
-2.77170E-02
-2.32240E-02
-2.29500E-02
-1.89990E-02
-1.75460E-02
-1.51380E-02
-8.19930E-03
-4.53460E-03
-4.03330E-03
-5.52320E-04
6.23780E-03
9.56550E-03
1.04860E-02
1.42610E-02
1.64940E-02
1.49260E-02
1.12010E-02
1.01660E-02
1.13880E-02
1.00150E-02
1.09460E-02
1.08050E-02
6.19720E-03
5.06090E-03
6.44630E-03
6.21160E-03
1.26690E-03
-3.89440E-03
-3.06680E-03
-7.70060E-03
-1.38770E-02
-1.33460E-02
-1.31380E-02
-1.39290E-02
-1.36510E-02
-1.37380E-02
-1.35750E-02
-1.41260E-02
-1.32980E-02
-1.37270E-02
-1.77240E-02
-1.96300E-02
-1.73810E-02
-1.55390E-02
-1.33640E-02
-6.38710E-03
-3.89900E-03
2.61850E-03
1.06010E-02
1.26730E-02
1.94220E-02
2.35320E-02
2.40210E-02
2.80430E-02
2.99490E-02
2.78940E-02
2.89140E-02
3.33570E-02
3.41460E-02
3.31050E-02
3.37020E-02
3.37240E-02
3.45180E-02
2.88940E-02
2.46860E-02
2.49210E-02
1.64890E-02
8.98550E-03
6.32560E-03
5.28500E-03
1.23920E-03
-5.38660E-03
-4.02590E-03
-4.45810E-03
-9.01210E-03
-1.00600E-02
-1.33360E-02
-1.45330E-02
-1.79630E-02
-2.42880E-02
-2.38310E-02
-2.35980E-02
-2.44680E-02
-2.39120E-02
-2.42290E-02
-2.49370E-02
-1.98100E-02
-1.48840E-02
-1.54430E-02
-1.12510E-02
-5.34450E-03
-1.54580E-03
3.51590E-03
8.26350E-03
1.31910E-02
1.74680E-02
2.31630E-02
2.72850E-02
2.80070E-02
3.17150E-02
3.40930E-02
3.21140E-02
2.92110E-02
2.76750E-02
2.45100E-02
2.34840E-02
1.96530E-02
1.35630E-02
1.46490E-02
1.00000E-02
3.95680E-03
3.90830E-03
5.28990E-03
3.62850E-03
-5.96140E-04
3.18610E-03
5.12800E-03
3.01800E-03
4.30010E-03
3.63700E-03
4.41720E-03
3.84750E-03
-1.38890E-04
-9.58560E-04
-4.99230E-03
-5.84260E-03
-5.14420E-03
-9.97350E-03
-1.07560E-02
-1.42990E-02
-1.59230E-02
-1.51570E-02
-1.49070E-02
-1.56150E-02
-1.99740E-02
-1.62630E-02
-1.44760E-02
-1.61760E-02
-1.54710E-02
-1.59220E-02
-1.15620E-02
-6.34470E-03
-2.22470E-03
2.74770E-03
7.67890E-03
1.19710E-02
1.76430E-02
2.19030E-02
2.24930E-02
2.65790E-02
2.81990E-02
2.64250E-02
2.80290E-02
2.77710E-02
2.28760E-02
2.24900E-02
2.38190E-02
1.84070E-02
1.37970E-02
8.99210E-03
3.98530E-03
4.28660E-03
-4.41150E-04
-6.29150E-03
-5.22040E-03
-9.74640E-03
-1.63360E-02
-1.51180E-02
-1.49230E-02
-2.07000E-02
-2.03400E-02
-1.99250E-02
-2.46970E-02
-2.56520E-02
-2.86710E-02
-3.12970E-02
-2.94680E-02
-2.61380E-02
-2.53730E-02
-2.19180E-02
-1.63710E-02
-1.17700E-02
-6.93730E-03
-6.76460E-03
-2.70750E-03
2.78750E-03
7.36470E-03
1.23520E-02
1.21890E-02
1.65500E-02
2.26880E-02
2.21800E-02
2.20560E-02
2.25040E-02
2.24720E-02
2.32220E-02
1.79320E-02
1.33570E-02
1.30080E-02
9.31380E-03
7.72840E-03
4.14650E-03
2.69510E-03
4.56790E-03
-1.15170E-03
-6.41470E-03
-6.05630E-03
-5.92360E-03
-6.68680E-03
-6.16810E-03
-6.40780E-03
-7.17780E-03
-1.97150E-03
3.01740E-03
2.64710E-03
6.35480E-03
1.31590E-02
1.64970E-02
1.73000E-02
2.15370E-02
2.30280E-02
2.16890E-02
2.25940E-02
2.24210E-02
2.23770E-02
2.24190E-02
2.23920E-02
2.24250E-02
2.23980E-02
2.24240E-02
2.23870E-02
2.24380E-02
2.23840E-02
2.25330E-02
2.20770E-02
2.29410E-02
2.24440E-02
1.80860E-02
1.79380E-02
1.39500E-02
7.94770E-03
8.76350E-03
4.41230E-03
-1.04060E-03
-5.77210E-03
-1.01850E-02
-1.11840E-02
-1.46790E-02
-1.62110E-02
-1.98950E-02
-2.08440E-02
-1.97580E-02
-2.51150E-02
-2.62010E-02
-2.43080E-02
-2.54320E-02
-2.98540E-02
-3.05220E-02
-2.98580E-02
-3.00410E-02
-2.99960E-02
-3.46200E-02
-3.54310E-02
-3.43500E-02
-3.52210E-02
-3.51460E-02
-3.46280E-02
-3.55690E-02
-3.50190E-02
-3.08240E-02
-3.00890E-02
-2.72510E-02
-2.03810E-02
-1.67560E-02
-1.64350E-02
-1.22860E-02
-6.83230E-03
-2.22330E-03
2.74460E-03
2.47250E-03
7.28590E-03
1.27210E-02
1.23330E-02
1.68140E-02
1.83280E-02
1.70800E-02
1.75580E-02
1.80990E-02
1.80090E-02
1.29810E-02
1.28410E-02
1.39450E-02
7.91850E-03
8.19840E-03
8.82290E-03
3.53830E-03
3.51790E-03
-5.27680E-05
-6.87470E-03
-5.75730E-03
-5.22720E-03
-1.13690E-02
-1.17230E-02
-6.10690E-03
-5.78440E-03
-7.43120E-03
-6.31420E-03
-1.78550E-03
-1.42600E-03
-1.82840E-03
-1.02610E-03
-5.94170E-03
-6.62580E-03
-6.06480E-03
-5.78290E-03
-6.48540E-03
-1.09430E-02
-7.11830E-03
-5.19260E-03
-7.22440E-03
-6.19720E-03
-5.96030E-03
-6.74410E-03
-6.65880E-03
-1.58080E-03
-1.48300E-03
-2.46230E-03
3.13640E-03
3.70860E-03
2.59110E-03
3.39080E-03
3.61380E-03
2.87330E-03
3.05700E-03
7.71940E-03
8.40850E-03
7.71620E-03
7.91940E-03
7.85670E-03
1.25060E-02
1.32110E-02
1.25330E-02
1.27170E-02
1.26700E-02
1.73010E-02
1.81270E-02
1.70240E-02
1.79320E-02
1.78210E-02
1.73720E-02
1.81320E-02
1.80720E-02
1.30000E-02
1.29100E-02
1.39620E-02
8.00790E-03
8.10230E-03
9.24460E-03
3.05640E-03
3.67570E-03
3.89120E-03
-1.51070E-03
2.54580E-03
4.50790E-03
2.46030E-03
3.56840E-03
3.41000E-03
3.33930E-03
3.50600E-03
3.03740E-03
3.82430E-03
3.73630E-03
-1.31060E-03
-1.54200E-03
-1.15460E-04
-6.43810E-03
-6.82320E-03
-1.07000E-03
-1.15230E-03
-2.09150E-03
-9.87330E-04
-1.70170E-03
-9.48160E-04
-1.13150E-03
-5.71990E-03
-6.59200E-03
-5.40100E-03
-6.41230E-03
-5.94020E-03
-6.49130E-03
-5.51420E-03
-6.38130E-03
-9.58930E-03
-1.19850E-02
-1.40390E-02
-1.22580E-02
-1.40230E-02
-1.31360E-02
-9.40880E-03
-7.88970E-03
-5.35160E-03
-2.72020E-03
-8.67200E-04
2.47310E-03
4.18240E-03
2.86340E-03
3.88770E-03
3.25390E-03
4.08350E-03
3.52470E-03
-4.08990E-04
-1.36870E-03
-4.92290E-03
-6.59740E-03
-5.29720E-03
-6.14210E-03
-6.09160E-03
-5.59250E-03
-6.38250E-03
-6.26980E-03
-1.23960E-03
-1.07310E-03
-2.20270E-03
3.86950E-03
3.54710E-03
3.07670E-03
7.90290E-03
8.79750E-03
1.18790E-02
1.43640E-02
1.29810E-02
8.76960E-03
8.53810E-03
9.52540E-03
3.75160E-03
3.36220E-03
5.29710E-03
-1.00090E-03
-5.31660E-03
-5.64170E-03
-9.20420E-03
-1.12340E-02
-1.42010E-02
-1.53860E-02
-1.86540E-02
-2.54140E-02
-2.42130E-02
-2.40980E-02
-2.96130E-02
-2.97130E-02
-2.93300E-02
-3.01890E-02
-2.49980E-02
-2.45700E-02
-2.59300E-02
-2.05950E-02
-1.56800E-02
-1.16330E-02
-6.52100E-03
-1.76420E-03
3.15790E-03
7.49800E-03
1.30780E-02
1.77910E-02
1.76650E-02
2.19200E-02
2.84660E-02
2.71610E-02
2.71680E-02
3.25200E-02
3.32320E-02
3.17790E-02
3.30470E-02
3.33690E-02
2.86690E-02
2.28870E-02
2.39600E-02
2.39850E-02
1.86540E-02
1.80990E-02
1.92270E-02
1.82850E-02
1.85150E-02
1.85610E-02
1.86390E-02
1.82570E-02
1.89230E-02
1.89720E-02
1.37990E-02
1.39430E-02
1.43600E-02
9.76090E-03
8.46570E-03
5.91410E-03
3.48040E-03
1.09500E-03
-1.24270E-03
-3.80910E-03
-5.68130E-03
-9.03480E-03
-1.06620E-02
-9.39860E-03
-1.02130E-02
-1.02120E-02
-9.63260E-03
-1.04720E-02
-1.02070E-02
-5.75180E-03
-4.38840E-03
-6.31030E-03
-5.15100E-03
-8.94130E-04
4.22930E-04
-1.45280E-03
-3.12110E-04
3.96580E-03
5.25820E-03
3.39920E-03
4.52720E-03
8.82160E-03
1.00950E-02
8.25720E-03
9.35170E-03
1.36920E-02
1.49070E-02
1.32200E-02
1.38550E-02
1.90700E-02
1.97590E-02
1.37430E-02
1.41290E-02
1.57410E-02
9.63290E-03
4.75940E-03
5.73620E-03
8.35440E-04
-5.07620E-03
-3.78890E-03
-8.85140E-03
-1.42820E-02
-1.39320E-02
-1.82170E-02
-1.97630E-02
-1.83720E-02
-1.94320E-02
-1.87400E-02
-1.94820E-02
-1.92710E-02
-1.48700E-02
-1.36010E-02
-1.55440E-02
-1.40470E-02
-1.03000E-02
-9.48820E-03
-5.44480E-03
-4.60480E-03
-5.30300E-03
-4.96350E-04
3.04790E-04
3.82100E-03
5.45860E-03
4.56190E-03
4.71770E-03
4.72030E-03
9.31260E-03
1.02130E-02
9.02430E-03
1.01070E-02
9.42740E-03
1.02690E-02
9.79480E-03
5.45360E-03
5.30390E-03
1.31800E-03
-4.80440E-03
-3.57800E-03
-8.59380E-03
-1.39580E-02
-1.38770E-02
-1.79690E-02
-1.87650E-02
-2.25860E-02
-2.85290E-02
-2.79040E-02
-3.17650E-02
-3.80110E-02
-4.25110E-02
-4.24350E-02
-4.21550E-02
-4.76240E-02
-4.77690E-02
-4.74960E-02
-4.79600E-02
-4.33720E-02
-4.32030E-02
-3.92290E-02
-3.32450E-02
-3.40470E-02
-2.97190E-02
-2.42080E-02
-1.96350E-02
-1.48950E-02
-1.47230E-02
-1.06500E-02
-5.05360E-03
-9.16310E-04
4.82840E-03
4.46710E-03
4.19200E-03
9.42150E-03
1.04360E-02
8.61290E-03
9.55030E-03
1.44430E-02
1.44550E-02
1.36780E-02
1.87810E-02
2.01010E-02
1.87750E-02
1.50520E-02
1.41490E-02
1.47840E-02
1.46320E-02
1.46540E-02
1.00590E-02
9.15470E-03
1.03140E-02
9.34800E-03
9.72330E-03
9.27190E-03
9.98370E-03
9.79850E-03
5.14620E-03
4.32860E-03
5.43860E-03
4.51350E-03
4.72840E-03
4.74680E-03
4.70500E-03
4.69590E-03
4.70580E-03
4.68670E-03
4.69400E-03
4.55420E-03
4.99290E-03
4.24760E-03
4.39920E-03
9.07630E-03
9.84760E-03
8.75490E-03
9.49990E-03
9.76990E-03
8.94810E-03
9.19350E-03
1.36720E-02
1.49610E-02
1.30420E-02
1.41620E-02
1.85690E-02
1.94600E-02
1.79480E-02
1.95400E-02
1.93270E-02
1.41210E-02
1.42570E-02
1.47100E-02
1.00220E-02
8.78340E-03
6.01480E-03
4.20820E-03
4.51150E-04
-5.24790E-04
5.96750E-04
-4.90480E-03
-5.58330E-03
-4.38720E-03
-5.50270E-03
-4.80690E-03
-5.55600E-03
-5.39350E-03
-7.56360E-04
5.04650E-05
-1.06880E-03
-1.74000E-04
-3.49820E-04
-4.62180E-04
-4.12120E-04
5.68810E-05
1.48350E-04
1.11710E-05
1.11060E-04
8.12200E-05
7.73460E-05
7.12360E-05
6.91300E-05
6.50700E-05
6.07300E-05
5.51200E-05
5.22190E-05
4.81340E-05
4.43130E-05
3.94920E-05
3.62990E-05
3.24200E-05
2.88000E-05
2.45410E-05
2.13020E-05
1.76530E-05
1.42080E-05
1.03600E-05
7.18640E-06
3.76260E-06
4.94740E-07
-3.03120E-06
-6.08430E-06
-9.29240E-06
-1.23800E-05
-1.56290E-05
-1.85360E-05
-2.15390E-05
-2.44440E-05
-2.74520E-05
-3.02020E-05
-3.30060E-05
-3.57310E-05
-3.85180E-05
-4.11030E-05
-4.37200E-05
-4.62660E-05
-4.88480E-05
-5.12700E-05
-5.37030E-05
-5.60770E-05
-5.84690E-05
-6.07250E-05
-6.29840E-05
-6.51900E-05
-6.74000E-05
-6.94970E-05
-7.15870E-05
-7.36310E-05
-7.56660E-05
-7.76080E-05
-7.95370E-05
-8.14230E-05
-8.32950E-05
-8.50840E-05
-8.68590E-05
-8.85930E-05
-9.03090E-05
-9.19530E-05
-9.35760E-05
-9.51630E-05
-9.67290E-05
-9.82320E-05
-9.97120E-05
-1.01160E-04
-1.02580E-04
-1.03950E-04
-1.05290E-04
-1.06600E-04
-1.07890E-04
-1.09130E-04
-1.10340E-04
-1.11520E-04
-1.12680E-04
-1.13790E-04
-1.14870E-04
-1.15930E-04
-1.16960E-04
-1.17950E-04
-1.18920E-04
-1.19850E-04
-1.20770E-04
-1.21650E-04
-1.22500E-04
-1.23320E-04
-1.24120E-04
-1.24890E-04
-1.25630E-04
-1.26350E-04
-1.27040E-04
-1.27700E-04
-1.28340E-04
-1.28950E-04
-1.29540E-04
-1.30100E-04
-1.30640E-04
-1.31160E-04
-1.31650E-04
-1.32120E-04
-1.32560E-04
-1.32990E-04
-1.33390E-04
-1.33760E-04
-1.34120E-04
-1.34460E-04
-1.34770E-04
-1.35060E-04
-1.35330E-04
-1.35580E-04
-1.35810E-04
-1.36020E-04
-1.36210E-04
-1.36390E-04
-1.36540E-04
-1.36670E-04
-1.36790E-04
-1.36890E-04
-1.36970E-04
-1.37030E-04
-1.37070E-04
-1.37100E-04
-1.37110E-04
-1.37110E-04
-1.37080E-04
-1.37050E-04
-1.36990E-04
-1.36920E-04
-1.36840E-04
-1.36740E-04
-1.36620E-04
-1.36490E-04
-1.36350E-04
-1.36190E-04
-1.36020E-04
-1.35830E-04
-1.35630E-04
-1.35420E-04
-1.35190E-04
-1.34950E-04
-1.34700E-04
-1.34440E-04
-1.34170E-04
-1.33880E-04
-1.33580E-04
-1.33270E-04
-1.32950E-04
-1.32620E-04
-1.32270E-04
-1.31920E-04
-1.31560E-04
-1.31180E-04
-1.30800E-04
-1.30410E-04
-1.30000E-04
-1.29590E-04
-1.29160E-04
-1.28740E-04
-1.28300E-04
-1.27850E-04
-1.27390E-04
-1.26930E-04
-1.26450E-04
-1.25970E-04
-1.25480E-04
-1.24990E-04
-1.24490E-04
-1.23980E-04
-1.23460E-04
-1.22930E-04
-1.22400E-04
-1.21860E-04
-1.21320E-04
-1.20770E-04
-1.20220E-04
-1.19650E-04
-1.19090E-04
-1.18510E-04
-1.17930E-04
-1.17350E-04
-1.16760E-04
-1.16170E-04
-1.15570E-04
-1.14970E-04
-1.14360E-04
-1.13750E-04
-1.13130E-04
-1.12510E-04
-1.11890E-04
-1.11260E-04
-1.10630E-04
-1.09990E-04
-1.09350E-04
-1.08710E-04
-1.08070E-04
-1.07420E-04
-1.06770E-04
-1.06120E-04
-1.05460E-04
-1.04800E-04
-1.04140E-04
-1.03470E-04
-1.02810E-04
-1.02140E-04
-1.01470E-04
-1.00800E-04
-1.00130E-04
-9.94510E-05
-9.87740E-05
-9.80970E-05
-9.74170E-05
-9.67380E-05
-9.60560E-05
-9.53740E-05
-9.46900E-05
-9.40080E-05
-9.33220E-05
-9.26380E-05
-9.19510E-05
-9.12640E-05
-9.05760E-05
-8.98920E-05
-8.92020E-05
-8.85170E-05
-8.78280E-05
-8.71430E-05
-8.64540E-05
-8.57670E-05
-8.50800E-05
-8.43950E-05
-8.37080E-05
-8.30250E-05
-8.23370E-05
-8.16550E-05
-8.09720E-05
-8.02890E-05
-7.96060E-05
-7.89290E-05
-7.82480E-05
-7.75690E-05
-7.68920E-05
-7.62180E-05
-7.55410E-05
-7.48690E-05
-7.41940E-05
-7.35250E-05
-7.28570E-05
-7.21880E-05
-7.15220E-05
-7.08600E-05
-7.01960E-05
-6.95370E-05
-6.88760E-05
-6.82220E-05
-6.75660E-05
-6.69150E-05
-6.62610E-05
-6.56150E-05
-6.49670E-05
-6.43230E-05
-6.36810E-05
-6.30410E-05
-6.24030E-05
-6.17680E-05
-6.11350E-05
-6.05050E-05
-5.98780E-05
-5.92510E-05
-5.86280E-05
-5.80080E-05
-5.73900E-05
-5.67750E-05
-5.61620E-05
-5.55540E-05
-5.49470E-05
-5.43430E-05
-5.37410E-05
-5.31450E-05
-5.25480E-05
-5.19540E-05
-5.13650E-05
-5.07800E-05
-5.01930E-05
-4.96130E-05
-4.90340E-05
-4.84590E-05
-4.78890E-05
-4.73200E-05
-4.67530E-05
-4.61920E-05
-4.56300E-05
-4.50750E-05
-4.45200E-05
-4.39730E-05
-4.34250E-05
-4.28810E-05
-4.23390E-05
-4.18050E-05
-4.12690E-05
-4.07380E-05
-4.02110E-05
-3.96870E-05
-3.91680E-05
-3.86490E-05
-3.81370E-05
-3.76270E-05
-3.71190E-05
-3.66160E-05
-3.61160E-05
-3.56170E-05
-3.51240E-05
-3.46340E-05
-3.41480E-05
-3.36640E-05
-3.31830E-05
-3.27080E-05
-3.22340E-05
-3.17630E-05
-3.12980E-05
-3.08350E-05
-3.03750E-05
-2.99190E-05
-2.94670E-05
-2.90180E-05
-2.85710E-05
-2.81300E-05
-2.76910E-05
-2.72550E-05
-2.68220E-05
-2.63940E-05
-2.59700E-05
-2.55480E-05
-2.51290E-05
-2.47150E-05
-2.43040E-05
-2.38960E-05
-2.34910E-05
-2.30910E-05
-2.26900E-05
-2.22970E-05
-2.19060E-05
-2.15180E-05
-2.11350E-05
-2.07530E-05
-2.03760E-05
-2.00050E-05
-1.96320E-05
-1.92660E-05
-1.89010E-05
-1.85410E-05
-1.81840E-05
-1.78300E-05
-1.74780E-05
-1.71330E-05
-1.67890E-05
-1.64470E-05
-1.61100E-05
-1.57770E-05
-1.54440E-05
-1.51180E-05
-1.47920E-05
-1.44710E-05
-1.41530E-05
-1.38390E-05
-1.35260E-05
-1.32200E-05
-1.29140E-05
-1.26120E-05
-1.23120E-05
-1.20170E-05
-1.17230E-05
-1.14340E-05
-1.11460E-05
-1.08640E-05
-1.05830E-05
-1.03080E-05
-1.00300E-05
-9.76030E-06
-9.49140E-06
-9.22630E-06
-8.96380E-06
-8.70580E-06
-8.44770E-06
-8.19500E-06
-7.94360E-06
-7.69650E-06
-7.45080E-06
-7.21010E-06
-6.96930E-06
-6.73370E-06
-6.50180E-06
-6.26930E-06
-6.04100E-06
-5.81700E-06
-5.59570E-06
-5.37560E-06
-5.15770E-06
-4.94410E-06
-4.73290E-06
-4.52390E-06
-4.31680E-06
-4.11470E-06
-3.91600E-06
-3.71530E-06
-3.52080E-06
-3.32880E-06
-3.13900E-06
-2.94950E-06
-2.76220E-06
-2.58180E-06
-2.40310E-06
-2.22090E-06
-2.04630E-06
-1.87660E-06
-1.70250E-06
-1.53530E-06
-1.37060E-06
-1.20810E-06
-1.04460E-06
-8.85580E-07
-7.31000E-07
-5.76660E-07
-4.24100E-07
-2.74360E-07
-1.29410E-07
1.59560E-08
1.60800E-07
2.98900E-07
4.39360E-07
5.75320E-07
7.09350E-07
8.43580E-07
9.69630E-07
1.09830E-06
1.22480E-06
1.34650E-06
1.46890E-06
1.58970E-06
1.70620E-06
1.82240E-06
1.93580E-06
2.04430E-06
2.15550E-06
2.26380E-06
2.36950E-06
2.47360E-06
2.57460E-06
2.67390E-06
2.77360E-06
2.86880E-06
2.96360E-06
3.05760E-06
3.14700E-06
3.23730E-06
3.32410E-06
3.40910E-06
3.49430E-06
3.57700E-06
3.65730E-06
3.73680E-06
3.81350E-06
3.89040E-06
3.96300E-06
4.03530E-06
4.10700E-06
4.17750E-06
4.24470E-06
4.31180E-06
4.37430E-06
4.43950E-06
4.50090E-06
4.56260E-06
4.61970E-06
4.67710E-06
4.73370E-06
4.78780E-06
4.84170E-06
4.89350E-06
4.94400E-06
4.99280E-06
5.04150E-06
5.08710E-06
5.13260E-06
5.17560E-06
5.21960E-06
5.25820E-06
5.30110E-06
5.33960E-06
5.37700E-06
5.41210E-06
5.44830E-06
5.48240E-06
5.51640E-06
5.54680E-06
5.57800E-06
5.60700E-06
5.63640E-06
5.66250E-06
5.68970E-06
5.71320E-06
5.73890E-06
5.76190E-06
5.78530E-06
5.80540E-06
5.82620E-06
5.84630E-06
5.86280E-06
5.87930E-06
5.89590E-06
5.91130E-06
5.92600E-06
5.93830E-06
5.95290E-06
5.96290E-06
5.97250E-06
5.98430E-06
5.99230E-06
6.00180E-06
6.00900E-06
6.01390E-06
6.02170E-06
6.02490E-06
6.02900E-06
6.03330E-06
6.03520E-06
6.03630E-06
6.04000E-06
6.04080E-06
6.03960E-06
6.03930E-06
6.03770E-06
6.03520E-06
6.03380E-06
6.02900E-06
6.02500E-06
6.01960E-06
6.01500E-06
6.00750E-06
6.00250E-06
5.99500E-06
5.98610E-06
5.97680E-06
5.97080E-06
5.95960E-06
5.95010E-06
5.93930E-06
5.92740E-06
5.91370E-06
5.90370E-06
5.88980E-06
5.87840E-06
5.86280E-06
5.84810E-06
5.83670E-06
5.82110E-06
5.80230E-06
5.78870E-06
5.77240E-06
5.75660E-06
5.73850E-06
5.72080E-06
5.70260E-06
5.68220E-06
5.66440E-06
5.64660E-06
5.62690E-06
5.60620E-06
5.58730E-06
5.56680E-06
5.54510E-06
5.52460E-06
5.50290E-06
5.48130E-06
5.45800E-06
5.43720E-06
5.41350E-06
5.39010E-06
5.36720E-06
5.34430E-06
5.31940E-06
5.29730E-06
5.27190E-06
5.24720E-06
5.22410E-06
5.19700E-06
5.17100E-06
5.14620E-06
5.12150E-06
5.09390E-06
5.06910E-06
5.04240E-06
5.01670E-06
4.98780E-06
4.96240E-06
4.93550E-06
4.90970E-06
4.88050E-06
4.85120E-06
4.82400E-06
4.79480E-06
4.76850E-06
4.74080E-06
4.71470E-06
4.68430E-06
4.65460E-06
4.62880E-06
4.59810E-06
4.57130E-06
4.54060E-06
4.51330E-06
4.48330E-06
4.45420E-06
4.42490E-06
4.39570E-06
4.36690E-06
4.33790E-06
4.30660E-06
4.27750E-06
4.24860E-06
4.21820E-06
4.18970E-06
4.15820E-06
4.12910E-06
4.09870E-06
4.06890E-06
4.03990E-06
4.00960E-06
3.97830E-06
3.94850E-06
3.91910E-06
3.88890E-06
3.85860E-06
3.82850E-06
3.79690E-06
3.76830E-06
3.73750E-06
3.70680E-06
3.67750E-06
3.64690E-06
3.61570E-06
3.58730E-06
3.55620E-06
3.52460E-06
3.49560E-06
3.46630E-06
3.43680E-06
3.40450E-06
3.37550E-06
3.34610E-06
3.31650E-06
3.28510E-06
3.25580E-06
3.22580E-06
3.19540E-06
3.16570E-06
3.13730E-06
3.10770E-06
3.07660E-06
3.04770E-06
3.01950E-06
2.98830E-06
2.95850E-06
2.92950E-06
2.89910E-06
2.86910E-06
2.83900E-06
2.81050E-06
2.78280E-06
2.75480E-06
2.72500E-06
2.69670E-06
2.66610E-06
2.63760E-06
2.60980E-06
2.58140E-06
2.55180E-06
2.52470E-06
2.49570E-06
2.46820E-06
2.43870E-06
2.41070E-06
2.38300E-06
2.35530E-06
2.32620E-06
2.29970E-06
2.27190E-06
2.24510E-06
2.21620E-06
2.18950E-06
2.16110E-06
2.13320E-06
2.10540E-06
2.07920E-06
2.05120E-06
2.02560E-06
1.99690E-06
1.97190E-06
1.94530E-06
1.91700E-06
1.89150E-06
1.86580E-06
1.83810E-06
1.81320E-06
1.78640E-06
1.75910E-06
1.73420E-06
1.70820E-06
1.68160E-06
1.65660E-06
1.63060E-06
1.60590E-06
1.57960E-06
1.55320E-06
1.52890E-06
1.50360E-06
1.47850E-06
1.45350E-06
1.42840E-06
1.40240E-06
1.37810E-06
1.35300E-06
1.32940E-06
1.30420E-06
1.28000E-06
1.25490E-06
1.22900E-06
1.20560E-06
1.18120E-06
1.15690E-06
1.13320E-06
1.10900E-06
1.08590E-06
1.06230E-06
1.03640E-06
1.01400E-06
9.91260E-07
9.66470E-07
9.43000E-07
9.21310E-07
8.98170E-07
8.73380E-07
8.50930E-07
8.28560E-07
8.05010E-07
7.82780E-07
7.61650E-07
7.36800E-07
7.15060E-07
6.92610E-07
6.70300E-07
6.47670E-07
6.26280E-07
6.03430E-07
5.82200E-07
5.60030E-07
5.38580E-07
5.15450E-07
4.94080E-07
4.71720E-07
4.50040E-07
4.28650E-07
4.05570E-07
3.84450E-07
3.62490E-07
3.40590E-07
3.18460E-07
2.99160E-07
2.76810E-07
2.55660E-07
2.33980E-07
2.13930E-07
1.91380E-07
1.71190E-07
1.49870E-07
1.29550E-07
1.08220E-07
8.86620E-08
6.66500E-08
4.43600E-08
2.29740E-08
4.15610E-09
-1.57690E-08
-3.60050E-08
-5.69490E-08
-7.79870E-08
-9.85570E-08
-1.17840E-07
-1.39860E-07
-1.61040E-07
-1.80000E-07
-2.00200E-07
-2.20910E-07
-2.41120E-07
-2.60790E-07
-2.80560E-07
-3.01750E-07
-3.21140E-07
-3.38920E-07
-3.61370E-07
-3.81860E-07
-4.01240E-07
-4.20700E-07
-4.39290E-07
-4.61240E-07
-4.80650E-07
-5.00620E-07
-5.21530E-07
-5.38790E-07
-5.59960E-07
-5.79550E-07
-5.98420E-07
-6.20160E-07
-6.39840E-07
-6.58820E-07
-6.78970E-07
-6.96070E-07
-7.16270E-07
-7.39370E-07
-7.56290E-07
-7.77460E-07
-7.93960E-07
-8.14590E-07
-8.35000E-07
-8.54390E-07
-8.72000E-07
-8.92630E-07
-9.13380E-07
-9.31600E-07
-9.50650E-07
-9.71050E-07
-9.89850E-07
-1.00980E-06
-1.02870E-06
-1.04860E-06
-1.06860E-06
-1.08760E-06
-1.10630E-06
-1.12600E-06
-1.14530E-06
-1.16450E-06
-1.18300E-06
-1.20300E-06
-1.22230E-06
-1.24120E-06
-1.26230E-06
-1.27970E-06
-1.29930E-06
-1.32000E-06
-1.33770E-06
-1.35620E-06
-1.37750E-06
-1.39710E-06
-1.41510E-06
-1.43480E-06
-1.45380E-06
-1.47440E-06
-1.49360E-06
-1.51160E-06